1.000000
0.999932
0.999883
0.999826
0.999771
0.999716
0.999661
0.999606
0.999551
0.999496
0.999440
0.999385
0.999330
0.999275
0.999220
0.999165
0.999109
0.999054
0.998999
0.998944
0.998889
0.998834
0.998778
0.998723
0.998668
0.998613
0.998557
0.998502
0.998447
0.998392
0.998337
0.998281
0.998226
0.998171
0.998115
0.998060
0.998005
0.997950
0.997894
0.997839
0.997784
0.997728
0.997673
0.997618
0.997562
0.997507
0.997452
0.997396
0.997341
0.997285
0.997230
0.997175
0.997119
0.997064
0.997008
0.996953
0.996897
0.996842
0.996786
0.996731
0.996675
0.996620
0.996564
0.996509
0.996453
0.996397
0.996342
0.996286
0.996231
0.996175
0.996119
0.996064
0.996008
0.995952
0.995897
0.995841
0.995785
0.995729
0.995674
0.995618
0.995562
0.995506
0.995450
0.995394
0.995339
0.995283
0.995227
0.995171
0.995115
0.995059
0.995003
0.994947
0.994891
0.994835
0.994779
0.994723
0.994667
0.994611
0.994555
0.994498
0.994442
0.994386
0.994330
0.994274
0.994217
0.994161
0.994105
0.994049
0.993992
0.993936
0.993880
0.993823
0.993767
0.993710
0.993654
0.993597
0.993541
0.993484
0.993428
0.993371
0.993315
0.993258
0.993201
0.993145
0.993088
0.993031
0.992975
0.992918
0.992861
0.992804
0.992747
0.992690
0.992634
0.992577
0.992520
0.992463
0.992406
0.992349
0.992292
0.992235
0.992178
0.992121
0.992063
0.992006
0.991949
0.991892
0.991835
0.991777
0.991720
0.991663
0.991605
0.991548
0.991490
0.991433
0.991376
0.991318
0.991261
0.991203
0.991145
0.991088
0.991030
0.990972
0.990915
0.990857
0.990799
0.990742
0.990684
0.990626
0.990568
0.990510
0.990452
0.990394
0.990336
0.990278
0.990220
0.990162
0.990104
0.990046
0.989988
0.989929
0.989871
0.989813
0.989755
0.989696
0.989638
0.989580
0.989521
0.989463
0.989404
0.989346
0.989287
0.989229
0.989170
0.989111
0.989053
0.988994
0.988935
0.988876
0.988818
0.988759
0.988700
0.988641
0.988582
0.988523
0.988464
0.988405
0.988346
0.988287
0.988228
0.988169
0.988110
0.988051
0.987991
0.987932
0.987873
0.987813
0.987754
0.987695
0.987635
0.987576
0.987516
0.987457
0.987397
0.987338
0.987278
0.987218
0.987159
0.987099
0.987039
0.986980
0.986920
0.986860
0.986800
0.986740
0.986680
0.986620
0.986560
0.986500
0.986440
0.986380
0.986320
0.986260
0.986200
0.986140
0.986079
0.986019
0.985959
0.985899
0.985838
0.985778
0.985718
0.985657
0.985597
0.985536
0.985476
0.985415
0.985355
0.985294
0.985233
0.985173
0.985112
0.985051
0.984990
0.984930
0.984869
0.984808
0.984747
0.984686
0.984625
0.984564
0.984504
0.984443
0.984381
0.984320
0.984259
0.984198
0.984137
0.984076
0.984015
0.983954
0.983892
0.983831
0.983770
0.983709
0.983647
0.983586
0.983524
0.983463
0.983402
0.983340
0.983279
0.983217
0.983156
0.983094
0.983033
0.982971
0.982909
0.982848
0.982786
0.982724
0.982663
0.982601
0.982539
0.982477
0.982416
0.982354
0.982292
0.982230
0.982168
0.982106
0.982044
0.981982
0.981921
0.981859
0.981797
0.981735
0.981672
0.981610
0.981548
0.981486
0.981424
0.981362
0.981300
0.981238
0.981176
0.981113
0.981051
0.980989
0.980927
0.980864
0.980802
0.980740
0.980678
0.980615
0.980553
0.980491
0.980428
0.980366
0.980303
0.980241
0.980179
0.980116
0.980054
0.979991
0.979929
0.979866
0.979804
0.979741
0.979679
0.979616
0.979554
0.979491
0.979429
0.979366
0.979304
0.979241
0.979178
0.979116
0.979053
0.978990
0.978928
0.978865
0.978803
0.978740
0.978677
0.978615
0.978552
0.978489
0.978427
0.978364
0.978301
0.978238
0.978176
0.978113
0.978050
0.977988
0.977925
0.977862
0.977799
0.977737
0.977674
0.977611
0.977548
0.977486
0.977423
0.977360
0.977297
0.977235
0.977172
0.977109
0.977046
0.976984
0.976921
0.976858
0.976795
0.976733
0.976670
0.976607
0.976544
0.976482
0.976419
0.976356
0.976293
0.976231
0.976168
0.976105
0.976042
0.975980
0.975917
0.975854
0.975791
0.975729
0.975666
0.975603
0.975541
0.975478
0.975415
0.975353
0.975290
0.975227
0.975165
0.975102
0.975039
0.974977
0.974914
0.974851
0.974789
0.974726
0.974664
0.974601
0.974538
0.974476
0.974413
0.974351
0.974288
0.974226
0.974163
0.974101
0.974038
0.973976
0.973913
0.973851
0.973788
0.973726
0.973663
0.973601
0.973539
0.973476
0.973414
0.973352
0.973289
0.973227
0.973165
0.973102
0.973040
0.972978
0.972916
0.972853
0.972791
0.972729
0.972667
0.972605
0.972542
0.972480
0.972418
0.972356
0.972294
0.972232
0.972170
0.972108
0.972046
0.971984
0.971922
0.971860
0.971798
0.971736
0.971674
0.971612
0.971550
0.971489
0.971427
0.971365
0.971303
0.971241
0.971180
0.971118
0.971056
0.970995
0.970933
0.970871
0.970810
0.970748
0.970687
0.970625
0.970564
0.970502
0.970441
0.970379
0.970318
0.970256
0.970195
0.970134
0.970072
0.970011
0.969950
0.969888
0.969827
0.969766
0.969705
0.969644
0.969582
0.969521
0.969460
0.969399
0.969338
0.969277
0.969216
0.969155
0.969094
0.969034
0.968973
0.968912
0.968851
0.968790
0.968729
0.968669
0.968608
0.968547
0.968487
0.968426
0.968365
0.968305
0.968244
0.968184
0.968123
0.968063
0.968003
0.967942
0.967882
0.967821
0.967761
0.967701
0.967641
0.967580
0.967520
0.967460
0.967400
0.967340
0.967280
0.967220
0.967160
0.967100
0.967040
0.966980
0.966920
0.966860
0.966800
0.966740
0.966681
0.966621
0.966561
0.966502
0.966442
0.966382
0.966323
0.966263
0.966204
0.966144
0.966085
0.966025
0.965966
0.965907
0.965847
0.965788
0.965729
0.965669
0.965610
0.965551
0.965492
0.965433
0.965374
0.965315
0.965256
0.965197
0.965138
0.965079
0.965020
0.964961
0.964902
0.964844
0.964785
0.964726
0.964667
0.964609
0.964550
0.964492
0.964433
0.964375
0.964316
0.964258
0.964199
0.964141
0.964082
0.964024
0.963966
0.963908
0.963849
0.963791
0.963733
0.963675
0.963617
0.963559
0.963501
0.963443
0.963385
0.963327
0.963269
0.963211
0.963153
0.963096
0.963038
0.962980
0.962922
0.962865
0.962807
0.962749
0.962692
0.962634
0.962577
0.962519
0.962462
0.962405
0.962347
0.962290
0.962233
0.962175
0.962118
0.962061
0.962004
0.961946
0.961889
0.961832
0.961775
0.961718
0.961661
0.961604
0.961547
0.961491
0.961434
0.961377
0.961320
0.961263
0.961207
0.961150
0.961093
0.961037
0.960980
0.960923
0.960867
0.960810
0.960754
0.960697
0.960641
0.960585
0.960528
0.960472
0.960416
0.960359
0.960303
0.960247
0.960191
0.960135
0.960079
0.960022
0.959966
0.959910
0.959854
0.959798
0.959743
0.959687
0.959631
0.959575
0.959519
0.959463
0.959408
0.959352
0.959296
0.959240
0.959185
0.959129
0.959074
0.959018
0.958963
0.958907
0.958852
0.958796
0.958741
0.958685
0.958630
0.958575
0.958519
0.958464
0.958409
0.958354
0.958298
0.958243
0.958188
0.958133
0.958078
0.958023
0.957968
0.957913
0.957858
0.957803
0.957748
0.957693
0.957638
0.957583
0.957528
0.957473
0.957419
0.957364
0.957309
0.957254
0.957200
0.957145
0.957090
0.957036
0.956981
0.956926
0.956872
0.956817
0.956763
0.956708
0.956654
0.956599
0.956545
0.956491
0.956436
0.956382
0.956327
0.956273
0.956219
0.956165
0.956110
0.956056
0.956002
0.955948
0.955893
0.955839
0.955785
0.955731
0.955677
0.955623
0.955569
0.955515
0.955461
0.955407
0.955353
0.955299
0.955245
0.955191
0.955137
0.955083
0.955029
0.954975
0.954921
0.954867
0.954814
0.954760
0.954706
0.954652
0.954598
0.954545
0.954491
0.954437
0.954383
0.954330
0.954276
0.954222
0.954169
0.954115
0.954061
0.954008
0.953954
0.953901
0.953847
0.953794
0.953740
0.953686
0.953633
0.953579
0.953526
0.953472
0.953419
0.953365
0.953312
0.953258
0.953205
0.953152
0.953098
0.953045
0.952991
0.952938
0.952885
0.952831
0.952778
0.952724
0.952671
0.952618
0.952564
0.952511
0.952458
0.952404
0.952351
0.952298
0.952245
0.952191
0.952138
0.952085
0.952031
0.951978
0.951925
0.951872
0.951818
0.951765
0.951712
0.951659
0.951605
0.951552
0.951499
0.951446
0.951392
0.951339
0.951286
0.951233
0.951180
0.951126
0.951073
0.951020
0.950967
0.950913
0.950860
0.950807
0.950754
0.950701
0.950647
0.950594
0.950541
0.950488
0.950435
0.950381
0.950328
0.950275
0.950222
0.950169
0.950115
0.950062
0.950009
0.949956
0.949903
0.949849
0.949796
0.949743
0.949690
0.949636
0.949583
0.949530
0.949477
0.949423
0.949370
0.949317
0.949264
0.949210
0.949157
0.949104
0.949051
0.948997
0.948944
0.948891
0.948838
0.948784
0.948731
0.948678
0.948624
0.948571
0.948518
0.948464
0.948411
0.948358
0.948304
0.948251
0.948198
0.948144
0.948091
0.948037
0.947984
0.947931
0.947877
0.947824
0.947770
0.947717
0.947664
0.947610
0.947557
0.947503
0.947450
0.947396
0.947343
0.947289
0.947236
0.947182
0.947129
0.947075
0.947022
0.946968
0.946914
0.946861
0.946807
0.946754
0.946700
0.946646
0.946593
0.946539
0.946486
0.946432
0.946378
0.946325
0.946271
0.946217
0.946163
0.946110
0.946056
0.946002
0.945949
0.945895
0.945841
0.945787
0.945733
0.945680
0.945626
0.945572
0.945518
0.945464
0.945411
0.945357
0.945303
0.945249
0.945195
0.945141
0.945087
0.945033
0.944979
0.944925
0.944871
0.944817
0.944763
0.944709
0.944655
0.944601
0.944547
0.944493
0.944439
0.944385
0.944331
0.944277
0.944223
0.944169
0.944115
0.944061
0.944006
0.943952
0.943898
0.943844
0.943790
0.943736
0.943681
0.943627
0.943573
0.943519
0.943465
0.943410
0.943356
0.943302
0.943247
0.943193
0.943139
0.943085
0.943030
0.942976
0.942922
0.942867
0.942813
0.942758
0.942704
0.942650
0.942595
0.942541
0.942487
0.942432
0.942378
0.942323
0.942269
0.942214
0.942160
0.942105
0.942051
0.941996
0.941942
0.941887
0.941833
0.941778
0.941724
0.941669
0.941615
0.941560
0.941506
0.941451
0.941397
0.941342
0.941287
0.941233
0.941178
0.941124
0.941069
0.941015
0.940960
0.940905
0.940851
0.940796
0.940741
0.940687
0.940632
0.940578
0.940523
0.940468
0.940414
0.940359
0.940304
0.940250
0.940195
0.940140
0.940086
0.940031
0.939976
0.939922
0.939867
0.939812
0.939758
0.939703
0.939648
0.939594
0.939539
0.939484
0.939430
0.939375
0.939320
0.939266
0.939211
0.939156
0.939102
0.939047
0.938992
0.938938
0.938883
0.938828
0.938774
0.938719
0.938664
0.938610
0.938555
0.938500
0.938446
0.938391
0.938337
0.938282
0.938227
0.938173
0.938118
0.938063
0.938009
0.937954
0.937900
0.937845
0.937791
0.937736
0.937681
0.937627
0.937572
0.937518
0.937463
0.937409
0.937354
0.937300
0.937245
0.937191
0.937136
0.937082
0.937027
0.936973
0.936919
0.936864
0.936810
0.936755
0.936701
0.936647
0.936592
0.936538
0.936484
0.936429
0.936375
0.936321
0.936266
0.936212
0.936158
0.936104
0.936049
0.935995
0.935941
0.935887
0.935833
0.935779
0.935724
0.935670
0.935616
0.935562
0.935508
0.935454
0.935400
0.935346
0.935292
0.935238
0.935184
0.935130
0.935076
0.935022
0.934968
0.934915
0.934861
0.934807
0.934753
0.934699
0.934646
0.934592
0.934538
0.934484
0.934431
0.934377
0.934324
0.934270
0.934216
0.934163
0.934109
0.934056
0.934002
0.933949
0.933895
0.933842
0.933789
0.933735
0.933682
0.933629
0.933575
0.933522
0.933469
0.933416
0.933362
0.933309
0.933256
0.933203
0.933150
0.933097
0.933044
0.932991
0.932938
0.932885
0.932832
0.932779
0.932726
0.932674
0.932621
0.932568
0.932515
0.932463
0.932410
0.932357
0.932305
0.932252
0.932200
0.932147
0.932095
0.932042
0.931990
0.931938
0.931885
0.931833
0.931781
0.931728
0.931676
0.931624
0.931572
0.931520
0.931468
0.931416
0.931364
0.931312
0.931260
0.931208
0.931156
0.931104
0.931052
0.931001
0.930949
0.930897
0.930846
0.930794
0.930742
0.930691
0.930639
0.930588
0.930537
0.930485
0.930434
0.930383
0.930331
0.930280
0.930229
0.930178
0.930127
0.930076
0.930024
0.929973
0.929923
0.929872
0.929821
0.929770
0.929719
0.929668
0.929618
0.929567
0.929516
0.929466
0.929415
0.929365
0.929314
0.929264
0.929214
0.929163
0.929113
0.929063
0.929012
0.928962
0.928912
0.928862
0.928812
0.928762
0.928712
0.928662
0.928612
0.928562
0.928513
0.928463
0.928413
0.928364
0.928314
0.928265
0.928215
0.928166
0.928116
0.928067
0.928017
0.927968
0.927919
0.927870
0.927821
0.927771
0.927722
0.927673
0.927624
0.927575
0.927527
0.927478
0.927429
0.927380
0.927332
0.927283
0.927234
0.927186
0.927137
0.927089
0.927040
0.926992
0.926944
0.926895
0.926847
0.926799
0.926751
0.926703
0.926655
0.926607
0.926559
0.926511
0.926463
0.926415
0.926367
0.926320
0.926272
0.926225
0.926177
0.926129
0.926082
0.926035
0.925987
0.925940
0.925893
0.925845
0.925798
0.925751
0.925704
0.925657
0.925610
0.925563
0.925516
0.925469
0.925423
0.925376
0.925329
0.925282
0.925236
0.925189
0.925143
0.925096
0.925050
0.925004
0.924957
0.924911
0.924865
0.924819
0.924773
0.924727
0.924680
0.924635
0.924589
0.924543
0.924497
0.924451
0.924405
0.924360
0.924314
0.924269
0.924223
0.924178
0.924132
0.924087
0.924041
0.923996
0.923951
0.923906
0.923861
0.923815
0.923770
0.923725
0.923681
0.923636
0.923591
0.923546
0.923501
0.923457
0.923412
0.923367
0.923323
0.923278
0.923234
0.923189
0.923145
0.923101
0.923056
0.923012
0.922968
0.922924
0.922880
0.922836
0.922792
0.922748
0.922704
0.922660
0.922616
0.922572
0.922529
0.922485
0.922441
0.922398
0.922354
0.922311
0.922267
0.922224
0.922181
0.922137
0.922094
0.922051
0.922008
0.921965
0.921922
0.921879
0.921836
0.921793
0.921750
0.921707
0.921664
0.921622
0.921579
0.921536
0.921494
0.921451
0.921409
0.921366
0.921324
0.921281
0.921239
0.921197
0.921154
0.921112
0.921070
0.921028
0.920986
0.920944
0.920902
0.920860
0.920818
0.920776
0.920734
0.920693
0.920651
0.920609
0.920567
0.920526
0.920484
0.920443
0.920401
0.920360
0.920318
0.920277
0.920236
0.920195
0.920153
0.920112
0.920071
0.920030
0.919989
0.919948
0.919907
0.919866
0.919825
0.919784
0.919743
0.919702
0.919662
0.919621
0.919580
0.919540
0.919499
0.919458
0.919418
0.919377
0.919337
0.919297
0.919256
0.919216
0.919176
0.919135
0.919095
0.919055
0.919015
0.918975
0.918934
0.918894
0.918854
0.918814
0.918774
0.918735
0.918695
0.918655
0.918615
0.918575
0.918536
0.918496
0.918456
0.918417
0.918377
0.918337
0.918298
0.918258
0.918219
0.918179
0.918140
0.918101
0.918061
0.918022
0.917983
0.917943
0.917904
0.917865
0.917826
0.917787
0.917748
0.917709
0.917670
0.917631
0.917592
0.917553
0.917514
0.917475
0.917436
0.917397
0.917358
0.917320
0.917281
0.917242
0.917203
0.917165
0.917126
0.917087
0.917049
0.917010
0.916972
0.916933
0.916895
0.916856
0.916818
0.916779
0.916741
0.916703
0.916664
0.916626
0.916588
0.916549
0.916511
0.916473
0.916435
0.916397
0.916358
0.916320
0.916282
0.916244
0.916206
0.916168
0.916130
0.916092
0.916054
0.916016
0.915978
0.915940
0.915902
0.915864
0.915827
0.915789
0.915751
0.915713
0.915675
0.915637
0.915600
0.915562
0.915524
0.915487
0.915449
0.915411
0.915374
0.915336
0.915298
0.915261
0.915223
0.915186
0.915148
0.915111
0.915073
0.915036
0.914998
0.914961
0.914923
0.914886
0.914848
0.914811
0.914773
0.914736
0.914699
0.914661
0.914624
0.914587
0.914549
0.914512
0.914475
0.914437
0.914400
0.914363
0.914326
0.914288
0.914251
0.914214
0.914177
0.914140
0.914102
0.914065
0.914028
0.913991
0.913954
0.913917
0.913880
0.913842
0.913805
0.913768
0.913731
0.913694
0.913657
0.913620
0.913583
0.913546
0.913509
0.913472
0.913435
0.913398
0.913361
0.913324
0.913287
0.913250
0.913213
0.913176
0.913139
0.913102
0.913065
0.913028
0.912991
0.912954
0.912917
0.912880
0.912843
0.912806
0.912769
0.912732
0.912695
0.912658
0.912622
0.912585
0.912548
0.912511
0.912474
0.912437
0.912400
0.912363
0.912326
0.912290
0.912253
0.912216
0.912179
0.912142
0.912105
0.912068
0.912032
0.911995
0.911958
0.911921
0.911884
0.911847
0.911810
0.911774
0.911737
0.911700
0.911663
0.911626
0.911589
0.911553
0.911516
0.911479
0.911442
0.911405
0.911369
0.911332
0.911295
0.911258
0.911221
0.911184
0.911148
0.911111
0.911074
0.911037
0.911000
0.910964
0.910927
0.910890
0.910853
0.910816
0.910780
0.910743
0.910706
0.910669
0.910632
0.910596
0.910559
0.910522
0.910485
0.910448
0.910412
0.910375
0.910338
0.910301
0.910264
0.910228
0.910191
0.910154
0.910117
0.910080
0.910044
0.910007
0.909970
0.909933
0.909896
0.909860
0.909823
0.909786
0.909749
0.909713
0.909676
0.909639
0.909602
0.909565
0.909529
0.909492
0.909455
0.909418
0.909382
0.909345
0.909308
0.909271
0.909235
0.909198
0.909161
0.909124
0.909088
0.909051
0.909014
0.908977
0.908941
0.908904
0.908867
0.908830
0.908794
0.908757
0.908720
0.908684
0.908647
0.908610
0.908573
0.908537
0.908500
0.908463
0.908427
0.908390
0.908353
0.908317
0.908280
0.908243
0.908207
0.908170
0.908133
0.908097
0.908060
0.908024
0.907987
0.907950
0.907914
0.907877
0.907841
0.907804
0.907767
0.907731
0.907694
0.907658
0.907621
0.907585
0.907548
0.907512
0.907475
0.907439
0.907402
0.907366
0.907329
0.907293
0.907256
0.907220
0.907183
0.907147
0.907110
0.907074
0.907038
0.907001
0.906965
0.906928
0.906892
0.906856
0.906819
0.906783
0.906747
0.906711
0.906674
0.906638
0.906602
0.906565
0.906529
0.906493
0.906457
0.906421
0.906384
0.906348
0.906312
0.906276
0.906240
0.906204
0.906168
0.906132
0.906096
0.906060
0.906024
0.905988
0.905952
0.905916
0.905880
0.905844
0.905808
0.905772
0.905736
0.905700
0.905664
0.905629
0.905593
0.905557
0.905521
0.905485
0.905450
0.905414
0.905378
0.905343
0.905307
0.905271
0.905236
0.905200
0.905165
0.905129
0.905094
0.905058
0.905023
0.904987
0.904952
0.904917
0.904881
0.904846
0.904810
0.904775
0.904740
0.904705
0.904669
0.904634
0.904599
0.904564
0.904529
0.904494
0.904459
0.904424
0.904389
0.904354
0.904319
0.904284
0.904249
0.904214
0.904179
0.904144
0.904110
0.904075
0.904040
0.904005
0.903971
0.903936
0.903901
0.903867
0.903832
0.903798
0.903763
0.903729
0.903695
0.903660
0.903626
0.903591
0.903557
0.903523
0.903489
0.903455
0.903420
0.903386
0.903352
0.903318
0.903284
0.903250
0.903216
0.903182
0.903148
0.903115
0.903081
0.903047
0.903013
0.902980
0.902946
0.902912
0.902879
0.902845
0.902812
0.902778
0.902745
0.902711
0.902678
0.902645
0.902611
0.902578
0.902545
0.902512
0.902479
0.902446
0.902413
0.902380
0.902347
0.902314
0.902281
0.902248
0.902215
0.902182
0.902150
0.902117
0.902084
0.902052
0.902019
0.901987
0.901954
0.901922
0.901890
0.901857
0.901825
0.901793
0.901761
0.901728
0.901696
0.901664
0.901632
0.901600
0.901568
0.901536
0.901505
0.901473
0.901441
0.901409
0.901378
0.901346
0.901315
0.901283
0.901252
0.901220
0.901189
0.901158
0.901126
0.901095
0.901064
0.901033
0.901002
0.900971
0.900940
0.900909
0.900878
0.900847
0.900816
0.900785
0.900755
0.900724
0.900693
0.900663
0.900632
0.900602
0.900572
0.900541
0.900511
0.900481
0.900451
0.900420
0.900390
0.900360
0.900330
0.900300
0.900270
0.900241
0.900211
0.900181
0.900151
0.900122
0.900092
0.900063
0.900033
0.900004
0.899975
0.899945
0.899916
0.899887
0.899858
0.899829
0.899799
0.899770
0.899742
0.899713
0.899684
0.899655
0.899626
0.899598
0.899569
0.899540
0.899512
0.899484
0.899455
0.899427
0.899398
0.899370
0.899342
0.899314
0.899286
0.899258
0.899230
0.899202
0.899174
0.899146
0.899119
0.899091
0.899063
0.899036
0.899008
0.898981
0.898953
0.898926
0.898899
0.898871
0.898844
0.898817
0.898790
0.898763
0.898736
0.898709
0.898682
0.898656
0.898629
0.898602
0.898575
0.898549
0.898522
0.898496
0.898470
0.898443
0.898417
0.898391
0.898364
0.898338
0.898312
0.898286
0.898260
0.898234
0.898209
0.898183
0.898157
0.898131
0.898106
0.898080
0.898055
0.898029
0.898004
0.897979
0.897953
0.897928
0.897903
0.897878
0.897853
0.897828
0.897803
0.897778
0.897753
0.897728
0.897704
0.897679
0.897654
0.897630
0.897605
0.897581
0.897557
0.897532
0.897508
0.897484
0.897460
0.897435
0.897411
0.897387
0.897364
0.897340
0.897316
0.897292
0.897268
0.897245
0.897221
0.897198
0.897174
0.897151
0.897127
0.897104
0.897081
0.897058
0.897034
0.897011
0.896988
0.896965
0.896942
0.896919
0.896897
0.896874
0.896851
0.896828
0.896806
0.896783
0.896761
0.896738
0.896716
0.896694
0.896671
0.896649
0.896627
0.896605
0.896583
0.896561
0.896539
0.896517
0.896495
0.896473
0.896452
0.896430
0.896408
0.896387
0.896365
0.896344
0.896322
0.896301
0.896279
0.896258
0.896237
0.896216
0.896195
0.896174
0.896153
0.896132
0.896111
0.896090
0.896069
0.896048
0.896028
0.896007
0.895986
0.895966
0.895945
0.895925
0.895904
0.895884
0.895864
0.895843
0.895823
0.895803
0.895783
0.895763
0.895743
0.895723
0.895703
0.895683
0.895663
0.895643
0.895624
0.895604
0.895584
0.895565
0.895545
0.895526
0.895506
0.895487
0.895468
0.895448
0.895429
0.895410
0.895391
0.895372
0.895353
0.895333
0.895315
0.895296
0.895277
0.895258
0.895239
0.895220
0.895202
0.895183
0.895164
0.895146
0.895127
0.895109
0.895090
0.895072
0.895053
0.895035
0.895017
0.894999
0.894980
0.894962
0.894944
0.894926
0.894908
0.894890
0.894872
0.894854
0.894836
0.894818
0.894801
0.894783
0.894765
0.894747
0.894730
0.894712
0.894695
0.894677
0.894660
0.894642
0.894625
0.894607
0.894590
0.894573
0.894556
0.894538
0.894521
0.894504
0.894487
0.894470
0.894453
0.894436
0.894419
0.894402
0.894385
0.894368
0.894351
0.894335
0.894318
0.894301
0.894284
0.894268
0.894251
0.894235
0.894218
0.894201
0.894185
0.894169
0.894152
0.894136
0.894119
0.894103
0.894087
0.894070
0.894054
0.894038
0.894022
0.894006
0.893990
0.893973
0.893957
0.893941
0.893925
0.893909
0.893893
0.893877
0.893862
0.893846
0.893830
0.893814
0.893798
0.893783
0.893767
0.893751
0.893735
0.893720
0.893704
0.893689
0.893673
0.893657
0.893642
0.893626
0.893611
0.893595
0.893580
0.893565
0.893549
0.893534
0.893519
0.893503
0.893488
0.893473
0.893457
0.893442
0.893427
0.893412
0.893397
0.893382
0.893366
0.893351
0.893336
0.893321
0.893306
0.893291
0.893276
0.893261
0.893246
0.893231
0.893216
0.893202
0.893187
0.893172
0.893157
0.893142
0.893127
0.893113
0.893098
0.893083
0.893068
0.893054
0.893039
0.893024
0.893009
0.892995
0.892980
0.892966
0.892951
0.892936
0.892922
0.892907
0.892893
0.892878
0.892864
0.892849
0.892835
0.892820
0.892806
0.892791
0.892777
0.892762
0.892748
0.892733
0.892719
0.892705
0.892690
0.892676
0.892662
0.892647
0.892633
0.892619
0.892604
0.892590
0.892576
0.892561
0.892547
0.892533
0.892519
0.892505
0.892490
0.892476
0.892462
0.892448
0.892434
0.892419
0.892405
0.892391
0.892377
0.892363
0.892349
0.892335
0.892320
0.892306
0.892292
0.892278
0.892264
0.892250
0.892236
0.892222
0.892208
0.892194
0.892180
0.892166
0.892152
0.892138
0.892124
0.892110
0.892096
0.892082
0.892068
0.892054
0.892040
0.892026
0.892012
0.891998
0.891984
0.891970
0.891956
0.891942
0.891929
0.891915
0.891901
0.891887
0.891873
0.891859
0.891845
0.891831
0.891818
0.891804
0.891790
0.891776
0.891762
0.891748
0.891734
0.891721
0.891707
0.891693
0.891679
0.891665
0.891652
0.891638
0.891624
0.891610
0.891596
0.891583
0.891569
0.891555
0.891541
0.891528
0.891514
0.891500
0.891486
0.891473
0.891459
0.891445
0.891432
0.891418
0.891404
0.891391
0.891377
0.891363
0.891349
0.891336
0.891322
0.891308
0.891295
0.891281
0.891268
0.891254
0.891240
0.891227
0.891213
0.891199
0.891186
0.891172
0.891159
0.891145
0.891131
0.891118
0.891104
0.891091
0.891077
0.891064
0.891050
0.891037
0.891023
0.891010
0.890996
0.890983
0.890969
0.890956
0.890942
0.890929
0.890915
0.890902
0.890888
0.890875
0.890861
0.890848
0.890835
0.890821
0.890808
0.890794
0.890781
0.890768
0.890754
0.890741
0.890728
0.890714
0.890701
0.890688
0.890674
0.890661
0.890648
0.890635
0.890621
0.890608
0.890595
0.890582
0.890568
0.890555
0.890542
0.890529
0.890516
0.890503
0.890489
0.890476
0.890463
0.890450
0.890437
0.890424
0.890411
0.890398
0.890385
0.890372
0.890359
0.890346
0.890333
0.890320
0.890307
0.890294
0.890281
0.890268
0.890255
0.890243
0.890230
0.890217
0.890204
0.890191
0.890178
0.890166
0.890153
0.890140
0.890128
0.890115
0.890102
0.890090
0.890077
0.890064
0.890052
0.890039
0.890027
0.890014
0.890001
0.889989
0.889976
0.889964
0.889952
0.889939
0.889927
0.889914
0.889902
0.889890
0.889877
0.889865
0.889853
0.889841
0.889828
0.889816
0.889804
0.889792
0.889780
0.889768
0.889755
0.889743
0.889731
0.889719
0.889707
0.889695
0.889684
0.889672
0.889660
0.889648
0.889636
0.889624
0.889612
0.889601
0.889589
0.889577
0.889566
0.889554
0.889542
0.889531
0.889519
0.889508
0.889496
0.889485
0.889473
0.889462
0.889451
0.889439
0.889428
0.889417
0.889405
0.889394
0.889383
0.889372
0.889361
0.889350
0.889339
0.889328
0.889317
0.889306
0.889295
0.889284
0.889273
0.889262
0.889251
0.889241
0.889230
0.889219
0.889208
0.889198
0.889187
0.889177
0.889166
0.889156
0.889145
0.889135
0.889124
0.889114
0.889104
0.889094
0.889083
0.889073
0.889063
0.889053
0.889043
0.889033
0.889023
0.889013
0.889003
0.888993
0.888983
0.888974
0.888964
0.888954
0.888944
0.888935
0.888925
0.888916
0.888906
0.888897
0.888887
0.888878
0.888869
0.888859
0.888850
0.888841
0.888832
0.888822
0.888813
0.888804
0.888795
0.888786
0.888778
0.888769
0.888760
0.888751
0.888742
0.888734
0.888725
0.888716
0.888708
0.888699
0.888691
0.888683
0.888674
0.888666
0.888658
0.888649
0.888641
0.888633
0.888625
0.888617
0.888609
0.888601
0.888593
0.888585
0.888578
0.888570
0.888562
0.888555
0.888547
0.888539
0.888532
0.888524
0.888517
0.888510
0.888502
0.888495
0.888488
0.888481
0.888474
0.888467
0.888460
0.888453
0.888446
0.888439
0.888432
0.888426
0.888419
0.888412
0.888406
0.888399
0.888393
0.888386
0.888380
0.888374
0.888367
0.888361
0.888355
0.888349
0.888343
0.888337
0.888331
0.888325
0.888319
0.888313
0.888308
0.888302
0.888296
0.888291
0.888285
0.888280
0.888275
0.888269
0.888264
0.888259
0.888254
0.888248
0.888243
0.888238
0.888233
0.888229
0.888224
0.888219
0.888214
0.888209
0.888205
0.888200
0.888196
0.888191
0.888187
0.888183
0.888178
0.888174
0.888170
0.888166
0.888162
0.888158
0.888154
0.888150
0.888146
0.888142
0.888139
0.888135
0.888131
0.888128
0.888124
0.888121
0.888118
0.888114
0.888111
0.888108
0.888105
0.888102
0.888099
0.888096
0.888093
0.888090
0.888087
0.888085
0.888082
0.888079
0.888077
0.888074
0.888072
0.888069
0.888067
0.888065
0.888063
0.888060
0.888058
0.888056
0.888054
0.888053
0.888051
0.888049
0.888047
0.888045
0.888044
0.888042
0.888041
0.888039
0.888038
0.888037
0.888035
0.888034
0.888033
0.888032
0.888031
0.888030
0.888029
0.888028
0.888027
0.888027
0.888026
0.888025
0.888025
0.888024
0.888024
0.888023
0.888023
0.888023
0.888023
0.888022
0.888022
0.888022
0.888022
0.888022
0.888023
0.888023
0.888023
0.888023
0.888024
0.888024
0.888025
0.888025
0.888026
0.888026
0.888027
0.888028
0.888029
0.888030
0.888030
0.888031
0.888033
0.888034
0.888035
0.888036
0.888037
0.888039
0.888040
0.888042
0.888043
0.888045
0.888046
0.888048
0.888050
0.888051
0.888053
0.888055
0.888057
0.888059
0.888061
0.888063
0.888066
0.888068
0.888070
0.888072
0.888075
0.888077
0.888080
0.888082
0.888085
0.888088
0.888090
0.888093
0.888096
0.888099
0.888102
0.888105
0.888108
0.888111
0.888114
0.888117
0.888121
0.888124
0.888127
0.888131
0.888134
0.888138
0.888141
0.888145
0.888149
0.888152
0.888156
0.888160
0.888164
0.888168
0.888172
0.888176
0.888180
0.888184
0.888188
0.888193
0.888197
0.888201
0.888206
0.888210
0.888215
0.888219
0.888224
0.888229
0.888233
0.888238
0.888243
0.888248
0.888253
