38.583283
38.475912
38.486903
38.466838
38.460664
38.454295
38.447801
38.440864
38.433267
38.424880
38.415618
38.405428
38.394274
38.382132
38.368984
38.354821
38.339637
38.323428
38.306192
38.287932
38.268650
38.248349
38.227035
38.204713
38.181389
38.157072
38.131769
38.105488
38.078239
38.050030
38.020873
37.990776
37.959752
37.927810
37.894962
37.861220
37.826596
37.791101
37.754749
37.717552
37.679522
37.640672
37.601017
37.560569
37.519341
37.477348
37.434602
37.391118
37.346910
37.301992
37.256377
37.210080
37.163114
37.115495
37.067236
37.018352
36.968856
36.918763
36.868087
36.816841
36.765041
36.712700
36.659832
36.606451
36.552570
36.498204
36.443366
36.388070
36.332329
36.276156
36.219565
36.162568
36.105180
36.047412
35.989277
35.930788
35.871957
35.812796
35.753319
35.693536
35.633459
35.573100
35.512472
35.451584
35.390448
35.329075
35.267476
35.205662
35.143643
35.081429
35.019031
34.956458
34.893721
34.830828
34.767790
34.704615
34.641314
34.577894
34.514364
34.450733
34.387010
34.323203
34.259319
34.195366
34.131354
34.067287
34.003176
33.939025
33.874844
33.810638
33.746414
33.682179
33.617939
33.553701
33.489470
33.425254
33.361056
33.296884
33.232743
33.168638
33.104574
33.040557
32.976592
32.912683
32.848835
32.785053
32.721341
32.657704
32.594145
32.530669
32.467280
32.403982
32.340779
32.277673
32.214669
32.151771
32.088980
32.026302
31.963738
31.901292
31.838966
31.776764
31.714688
31.652741
31.590925
31.529243
31.467697
31.406290
31.345023
31.283900
31.222921
31.162088
31.101405
31.040872
30.980491
30.920264
30.860193
30.800279
30.740523
30.680927
30.621493
30.562221
30.503113
30.444170
30.385393
30.326783
30.268342
30.210069
30.151966
30.094035
30.036275
29.978687
29.921273
29.864032
29.806966
29.750075
29.693359
29.636819
29.580456
29.524270
29.468261
29.412430
29.356777
29.301302
29.246005
29.190888
29.135949
29.081189
29.026609
28.972207
28.917985
28.863943
28.810080
28.756396
28.702892
28.649567
28.596421
28.543455
28.490667
28.438058
28.385628
28.333377
28.281304
28.229409
28.177691
28.126152
28.074789
28.023604
27.972596
27.921764
27.871107
27.820627
27.770322
27.720192
27.670237
27.620456
27.570848
27.521414
27.472153
27.423064
27.374148
27.325403
27.276829
27.228425
27.180192
27.132128
27.084234
27.036508
26.988950
26.941559
26.894336
26.847279
26.800388
26.753662
26.707101
26.660704
26.614471
26.568401
26.522493
26.476747
26.431163
26.385739
26.340476
26.295372
26.250426
26.205640
26.161010
26.116538
26.072223
26.028063
25.984058
25.940208
25.896513
25.852970
25.809580
25.766342
25.723256
25.680321
25.637536
25.594900
25.552413
25.510075
25.467885
25.425841
25.383944
25.342193
25.300586
25.259125
25.217807
25.176633
25.135601
25.094711
25.053962
25.013355
24.972887
24.932559
24.892369
24.852318
24.812405
24.772628
24.732988
24.693483
24.654114
24.614879
24.575778
24.536810
24.497975
24.459272
24.420700
24.382259
24.343948
24.305766
24.267714
24.229790
24.191994
24.154325
24.116782
24.079366
24.042074
24.004908
23.967866
23.930947
23.894151
23.857478
23.820926
23.784496
23.748187
23.711997
23.675928
23.639977
23.604144
23.568430
23.532832
23.497351
23.461987
23.426738
23.391604
23.356585
23.321679
23.286887
23.252208
23.217641
23.183185
23.148841
23.114608
23.080485
23.046471
23.012567
22.978771
22.945083
22.911503
22.878030
22.844663
22.811402
22.778247
22.745197
22.712251
22.679409
22.646670
22.614035
22.581502
22.549071
22.516741
22.484513
22.452385
22.420357
22.388428
22.356599
22.324868
22.293236
22.261701
22.230263
22.198922
22.167677
22.136528
22.105474
22.074516
22.043651
22.012881
21.982204
21.951621
21.921130
21.890731
21.860424
21.830208
21.800083
21.770049
21.740104
21.710250
21.680484
21.650807
21.621219
21.591719
21.562306
21.532980
21.503741
21.474588
21.445521
21.416539
21.387643
21.358831
21.330103
21.301460
21.272900
21.244423
21.216028
21.187716
21.159486
21.131338
21.103270
21.075284
21.047378
21.019552
20.991805
20.964138
20.936550
20.909041
20.881610
20.854256
20.826980
20.799781
20.772659
20.745614
20.718644
20.691750
20.664932
20.638189
20.611520
20.584926
20.558406
20.531959
20.505586
20.479286
20.453058
20.426903
20.400820
20.374808
20.348868
20.322999
20.297201
20.271473
20.245815
20.220227
20.194709
20.169259
20.143879
20.118567
20.093323
20.068147
20.043039
20.017998
19.993025
19.968118
19.943277
19.918502
19.893794
19.869151
19.844573
19.820060
19.795612
19.771228
19.746909
19.722653
19.698461
19.674332
19.650266
19.626263
19.602323
19.578444
19.554628
19.530873
19.507179
19.483547
19.459976
19.436465
19.413014
19.389624
19.366293
19.343022
19.319811
19.296658
19.273564
19.250529
19.227552
19.204633
19.181772
19.158968
19.136222
19.113533
19.090900
19.068324
19.045805
19.023342
19.000934
18.978583
18.956286
18.934045
18.911859
18.889728
18.867651
18.845628
18.823659
18.801744
18.779883
18.758075
18.736321
18.714619
18.692970
18.671373
18.649829
18.628337
18.606896
18.585507
18.564170
18.542884
18.521649
18.500465
18.479331
18.458248
18.437215
18.416232
18.395298
18.374414
18.353580
18.332795
18.312059
18.291371
18.270732
18.250142
18.229600
18.209105
18.188659
18.168260
18.147909
18.127605
18.107348
18.087138
18.066974
18.046857
18.026787
18.006762
17.986784
17.966851
17.946964
17.927122
17.907326
17.887574
17.867868
17.848206
17.828589
17.809016
17.789487
17.770002
17.750562
17.731164
17.711811
17.692501
17.673234
17.654010
17.634828
17.615690
17.596594
17.577540
17.558529
17.539560
17.520632
17.501746
17.482902
17.464099
17.445338
17.426618
17.407938
17.389299
17.370701
17.352144
17.333627
17.315150
17.296713
17.278315
17.259958
17.241640
17.223362
17.205123
17.186923
17.168762
17.150640
17.132557
17.114512
17.096505
17.078537
17.060607
17.042716
17.024862
17.007045
16.989267
16.971525
16.953821
16.936155
16.918525
16.900932
16.883376
16.865857
16.848374
16.830928
16.813518
16.796144
16.778806
16.761504
16.744237
16.727006
16.709811
16.692651
16.675527
16.658437
16.641382
16.624363
16.607378
16.590427
16.573512
16.556630
16.539783
16.522970
16.506191
16.489445
16.472734
16.456056
16.439412
16.422801
16.406224
16.389680
16.373168
16.356690
16.340245
16.323832
16.307452
16.291105
16.274790
16.258507
16.242256
16.226038
16.209851
16.193697
16.177574
16.161482
16.145423
16.129394
16.113397
16.097432
16.081497
16.065593
16.049720
16.033878
16.018067
16.002286
15.986536
15.970816
15.955127
15.939467
15.923838
15.908239
15.892669
15.877130
15.861620
15.846139
15.830688
15.815267
15.799875
15.784512
15.769178
15.753873
15.738597
15.723350
15.708132
15.692942
15.677781
15.662648
15.647544
15.632468
15.617420
15.602400
15.587408
15.572444
15.557508
15.542600
15.527719
15.512866
15.498040
15.483242
15.468470
15.453727
15.439010
15.424320
15.409657
15.395021
15.380412
15.365830
15.351274
15.336745
15.322242
15.307765
15.293315
15.278891
15.264493
15.250121
15.235775
15.221455
15.207160
15.192892
15.178649
15.164431
15.150239
15.136073
15.121931
15.107815
15.093724
15.079659
15.065618
15.051602
15.037611
15.023645
15.009703
14.995786
14.981894
14.968026
14.954183
14.940364
14.926569
14.912798
14.899051
14.885329
14.871630
14.857956
14.844305
14.830678
14.817074
14.803494
14.789938
14.776405
14.762896
14.749410
14.735947
14.722508
14.709091
14.695698
14.682328
14.668980
14.655655
14.642354
14.629075
14.615818
14.602584
14.589373
14.576184
14.563018
14.549874
14.536752
14.523652
14.510575
14.497519
14.484486
14.471475
14.458485
14.445517
14.432571
14.419647
14.406744
14.393863
14.381004
14.368166
14.355349
14.342554
14.329780
14.317027
14.304295
14.291585
14.278895
14.266226
14.253579
14.240952
14.228346
14.215761
14.203196
14.190652
14.178129
14.165626
14.153143
14.140681
14.128240
14.115818
14.103417
14.091036
14.078676
14.066335
14.054014
14.041713
14.029432
14.017171
14.004930
13.992709
13.980507
13.968325
13.956162
13.944019
13.931895
13.919791
13.907706
13.895641
13.883595
13.871568
13.859560
13.847571
13.835602
13.823651
13.811719
13.799807
13.787913
13.776038
13.764181
13.752344
13.740525
13.728724
13.716943
13.705179
13.693435
13.681708
13.670000
13.658311
13.646639
13.634986
13.623351
13.611734
13.600136
13.588555
13.576992
13.565448
13.553921
13.542412
13.530920
13.519447
13.507991
13.496553
13.485133
13.473730
13.462345
13.450977
13.439627
13.428294
13.416978
13.405680
13.394399
13.383135
13.371889
13.360660
13.349447
13.338252
13.327074
13.315913
13.304768
13.293641
13.282530
13.271437
13.260360
13.249299
13.238256
13.227229
13.216218
13.205225
13.194247
13.183287
13.172342
13.161414
13.150503
13.139607
13.128728
13.117866
13.107019
13.096189
13.085375
13.074576
13.063794
13.053028
13.042278
13.031544
13.020825
13.010123
12.999436
12.988765
12.978110
12.967470
12.956847
12.946238
12.935646
12.925069
12.914507
12.903961
12.893431
12.882915
12.872416
12.861931
12.851462
12.841008
12.830569
12.820146
12.809737
12.799344
12.788966
12.778603
12.768255
12.757922
12.747604
12.737300
12.727012
12.716738
12.706480
12.696236
12.686007
12.675792
12.665592
12.655407
12.645237
12.635081
12.624939
12.614812
12.604700
12.594602
12.584518
12.574449
12.564394
12.554353
12.544327
12.534315
12.524317
12.514334
12.504364
12.494409
12.484468
12.474540
12.464627
12.454728
12.444843
12.434972
12.425114
12.415271
12.405441
12.395625
12.385823
12.376035
12.366261
12.356500
12.346752
12.337019
12.327299
12.317593
12.307900
12.298220
12.288555
12.278902
12.269263
12.259638
12.250026
12.240427
12.230841
12.221269
12.211710
12.202165
12.192632
12.183113
12.173606
12.164113
12.154633
12.145167
12.135713
12.126272
12.116844
12.107429
12.098027
12.088638
12.079262
12.069898
12.060548
12.051210
12.041885
12.032573
12.023273
12.013986
12.004712
11.995451
11.986202
11.976965
11.967742
11.958530
11.949332
11.940145
11.930971
11.921810
11.912661
11.903525
11.894400
11.885288
11.876189
11.867101
11.858026
11.848964
11.839913
11.830875
11.821848
11.812834
11.803832
11.794842
11.785864
11.776898
11.767945
11.759003
11.750073
11.741155
11.732249
11.723355
11.714473
11.705602
11.696744
11.687897
11.679062
11.670239
11.661427
11.652627
11.643839
11.635063
11.626298
11.617545
11.608803
11.600073
11.591355
11.582648
11.573953
11.565269
11.556596
11.547936
11.539286
11.530648
11.522021
11.513406
11.504802
11.496209
11.487627
11.479057
11.470498
11.461950
11.453414
11.444889
11.436375
11.427872
11.419380
11.410899
11.402429
11.393971
11.385523
11.377086
11.368661
11.360246
11.351843
11.343450
11.335068
11.326697
11.318337
11.309988
11.301650
11.293323
11.285006
11.276700
11.268405
11.260121
11.251847
11.243584
11.235332
11.227090
11.218860
11.210639
11.202430
11.194230
11.186042
11.177864
11.169697
11.161540
11.153393
11.145257
11.137132
11.129017
11.120912
11.112818
11.104734
11.096661
11.088597
11.080545
11.072502
11.064470
11.056448
11.048436
11.040435
11.032444
11.024463
11.016492
11.008532
11.000581
10.992641
10.984711
10.976790
10.968880
10.960980
10.953090
10.945211
10.937341
10.929481
10.921631
10.913791
10.905961
10.898141
10.890331
10.882531
10.874740
10.866960
10.859189
10.851428
10.843677
10.835936
10.828204
10.820483
10.812771
10.805069
10.797376
10.789693
10.782020
10.774357
10.766703
10.759059
10.751424
10.743799
10.736184
10.728578
10.720982
10.713395
10.705818
10.698250
10.690692
10.683143
10.675604
10.668074
10.660554
10.653043
10.645541
10.638049
10.630566
10.623093
10.615629
10.608174
10.600729
10.593292
10.585865
10.578448
10.571039
10.563640
10.556250
10.548870
10.541498
10.534136
10.526783
10.519439
10.512104
10.504778
10.497461
10.490154
10.482855
10.475566
10.468285
10.461014
10.453751
10.446498
10.439254
10.432018
10.424792
10.417574
10.410366
10.403166
10.395975
10.388794
10.381621
10.374456
10.367301
10.360155
10.353017
10.345888
10.338768
10.331657
10.324555
10.317461
10.310376
10.303300
10.296233
10.289174
10.282124
10.275082
10.268050
10.261026
10.254010
10.247003
10.240005
10.233015
10.226034
10.219062
10.212098
10.205143
10.198196
10.191257
10.184328
10.177406
10.170494
10.163589
10.156693
10.149806
10.142927
10.136056
10.129194
10.122340
10.115495
10.108658
10.101829
10.095009
10.088197
10.081393
10.074597
10.067810
10.061031
10.054261
10.047499
10.040745
10.033999
10.027261
10.020532
10.013811
10.007097
10.000393
9.993696
9.987007
9.980327
9.973655
9.966991
9.960335
9.953687
9.947047
9.940415
9.933791
9.927175
9.920568
9.913968
9.907376
9.900792
9.894217
9.887649
9.881089
9.874537
9.867994
9.861458
9.854929
9.848409
9.841897
9.835393
9.828896
9.822408
9.815927
9.809454
9.802989
9.796531
9.790082
9.783640
9.777206
9.770780
9.764361
9.757950
9.751547
9.745152
9.738765
9.732385
9.726013
9.719648
9.713291
9.706942
9.700600
9.694266
9.687940
9.681621
9.675310
9.669007
9.662711
9.656423
9.650142
9.643868
9.637603
9.631345
9.625094
9.618851
9.612615
9.606387
9.600166
9.593953
9.587747
9.581548
9.575357
9.569174
9.562997
9.556828
9.550667
9.544513
9.538366
9.532227
9.526095
9.519970
9.513853
9.507743
9.501640
9.495544
9.489456
9.483375
9.477301
9.471235
9.465176
9.459124
9.453079
9.447041
9.441011
9.434987
9.428971
9.422962
9.416960
9.410966
9.404978
9.398998
9.393024
9.387058
9.381099
9.375147
9.369202
9.363264
9.357333
9.351409
9.345492
9.339582
9.333679
9.327783
9.321894
9.316012
9.310137
9.304269
9.298408
9.292553
9.286706
9.280865
9.275032
9.269205
9.263385
9.257572
9.251766
9.245967
9.240174
9.234389
9.228610
9.222838
9.217072
9.211314
9.205562
9.199817
9.194078
9.188347
9.182622
9.176904
9.171192
9.165488
9.159789
9.154098
9.148413
9.142735
9.137063
9.131398
9.125740
9.120088
9.114443
9.108805
9.103173
9.097547
9.091928
9.086316
9.080710
9.075110
9.069517
9.063931
9.058351
9.052778
9.047210
9.041650
9.036096
9.030548
9.025007
9.019472
9.013943
9.008421
9.002905
8.997395
8.991892
8.986395
8.980905
8.975420
8.969942
8.964471
8.959005
8.953546
8.948093
8.942647
8.937206
8.931772
8.926344
8.920922
8.915506
8.910096
8.904693
8.899296
8.893904
8.888519
8.883140
8.877767
8.872401
8.867040
8.861685
8.856336
8.850994
8.845657
8.840326
8.835002
8.829683
8.824370
8.819063
8.813763
8.808468
8.803179
8.797895
8.792618
8.787347
8.782081
8.776822
8.771568
8.766320
8.761077
8.755841
8.750610
8.745385
8.740166
8.734953
8.729745
8.724543
8.719347
8.714156
8.708971
8.703792
8.698618
8.693450
8.688287
8.683130
8.677979
8.672833
8.667693
8.662558
8.657429
8.652306
8.647188
8.642075
8.636968
8.631866
8.626770
8.621679
8.616593
8.611513
8.606438
8.601369
8.596305
8.591246
8.586192
8.581144
8.576101
8.571064
8.566031
8.561004
8.555982
8.550965
8.545954
8.540947
8.535946
8.530950
8.525959
8.520973
8.515992
8.511016
8.506045
8.501079
8.496118
8.491162
8.486211
8.481265
8.476324
8.471388
8.466457
8.461530
8.456609
8.451692
8.446780
8.441873
8.436971
8.432073
8.427180
8.422292
8.417409
8.412530
8.407656
8.402786
8.397921
8.393061
8.388205
8.383354
8.378507
8.373665
8.368827
8.363994
8.359165
8.354340
8.349520
8.344705
8.339893
8.335086
8.330283
8.325485
8.320691
8.315901
8.311115
8.306333
8.301556
8.296782
8.292013
8.287248
8.282487
8.277729
8.272976
8.268227
8.263482
8.258740
8.254003
8.249269
8.244540
8.239814
8.235091
8.230373
8.225658
8.220947
8.216240
8.211536
8.206836
8.202139
8.197446
8.192757
8.188071
8.183388
8.178709
8.174033
8.169361
8.164691
8.160025
8.155363
8.150703
8.146047
8.141394
8.136744
8.132097
8.127453
8.122812
8.118174
8.113539
8.108907
8.104278
8.099651
8.095028
8.090407
8.085789
8.081173
8.076560
8.071950
8.067342
8.062736
8.058134
8.053533
8.048935
8.044339
8.039746
8.035154
8.030565
8.025978
8.021393
8.016810
8.012229
8.007651
8.003074
7.998498
7.993925
7.989353
7.984784
7.980215
7.975649
7.971084
7.966520
7.961958
7.957397
7.952837
7.948279
7.943722
7.939166
7.934612
7.930058
7.925505
7.920953
7.916402
7.911852
7.907303
7.902754
7.898206
7.893658
7.889111
7.884564
7.880017
7.875471
7.870925
7.866379
7.861833
7.857287
7.852741
7.848195
7.843648
7.839101
7.834554
7.830006
7.825458
7.820908
7.816359
7.811808
7.807256
7.802704
7.798150
7.793595
7.789039
7.784482
7.779923
7.775362
7.770800
7.766236
7.761670
7.757102
7.752532
7.747960
7.743386
7.738809
7.734230
7.729648
7.725064
7.720476
7.715886
7.711293
7.706696
7.702096
7.697493
7.692886
7.688275
7.683661
7.679043
7.674420
7.669794
7.665162
7.660527
7.655887
7.651242
7.646592
7.641937
7.637276
7.632610
7.627939
7.623262
7.618579
7.613890
7.609194
7.604493
7.599784
7.595069
7.590347
7.585618
7.580881
7.576137
7.571385
7.566625
7.561857
7.557080
7.552295
7.547502
7.542699
7.537887
7.533065
7.528234
7.523393
7.518541
7.513680
7.508807
7.503923
7.499029
7.494123
7.489205
7.484275
7.479332
7.474377
7.469409
7.464428
7.459434
7.454425
7.449402
7.444365
7.439313
7.434246
7.429163
7.424064
7.418949
7.413817
7.408669
7.403502
7.398318
7.393116
7.387895
7.382655
7.377395
7.372116
7.366816
7.361495
7.356152
7.350788
7.345401
7.339992
7.334559
7.329102
7.323620
7.318113
7.312581
7.307022
7.301436
7.295823
7.290181
7.284511
7.278811
7.273081
7.267320
7.261527
7.255702
7.249843
7.243951
7.238023
7.232060
7.226061
7.220024
7.213948
7.207834
7.201679
7.195483
7.189245
7.182963
7.176637
7.170266
7.163848
7.157382
7.150868
7.144303
7.137686
7.131017
7.124293
7.117514
7.110677
7.103782
7.096827
7.089810
7.082729
7.075584
7.068371
7.061090
7.053738
7.046314
7.038815
7.031239
7.023584
7.015849
7.008030
7.000125
6.992131
6.984047
6.975869
6.967595
6.959221
6.950745
6.942164
6.933473
6.924671
6.915753
6.906716
6.897556
6.888268
6.878850
6.869296
6.859602
6.849763
6.839774
6.829631
6.819327
6.808858
6.798217
6.787398
6.776395
6.765201
6.753809
6.742211
6.730400
6.718368
6.706105
6.693603
6.680851
6.667841
6.654561
6.641000
6.627146
6.612987
6.598509
6.583698
6.568539
6.553016
6.537113
6.520811
6.504091
6.486932
6.469314
6.451212
6.432602
6.413457
6.393749
6.373446
6.352515
6.330922
6.308626
6.285587
6.261760
6.237096
6.211541
6.185037
6.157522
6.128925
6.099172
6.068179
6.035853
6.002095
5.966790
5.929813
5.891027
5.850273
5.807377
5.762141
5.714342
5.663724
5.609995
5.552822
5.491818
5.426531
5.356436
5.280910
5.199215
5.110463
5.013579
4.907246
4.789829
4.659274
4.512955
4.347458
4.158253
3.939197
3.681746
3.373731
2.997564
2.528803
1.946530
1.389411
2.155452
7.191889
9.879026
42.162003
131.402032
93.493878
108.914550
106.072034
106.033091
106.020227
106.005993
105.994062
105.983389
105.973626
105.964533
105.955952
105.947771
105.939912
105.932316
105.924941
105.917754
105.910729
105.903846
105.897088
105.890444
105.883901
105.877451
105.871087
105.864802
105.858591
105.852450
105.846375
105.840362
105.834408
105.828511
105.822669
105.816879
105.811140
105.805449
105.799807
105.794210
105.788659
105.783152
105.777688
105.772265
105.766884
105.761544
105.756243
105.750981
105.745758
105.740572
105.735424
105.730312
105.725236
105.720196
105.715192
105.710222
105.705287
105.700385
105.695517
105.690683
105.685881
105.681112
105.676375
105.671670
105.666996
105.662354
105.657743
105.653162
105.648612
105.644092
105.639601
105.635141
105.630709
105.626307
105.621933
105.617588
105.613272
105.608983
105.604723
105.600490
105.596284
105.592106
105.587954
105.583830
105.579732
105.575661
105.571615
105.567596
105.563603
105.559635
105.555692
105.551775
105.547883
105.544016
105.540174
105.536356
105.532563
105.528794
105.525049
105.521329
105.517632
105.513959
105.510309
105.506683
105.503080
105.499501
105.495944
105.492411
105.488901
105.485413
105.481949
105.478507
105.475088
105.471691
105.468317
105.464966
105.461638
105.458332
105.455049
105.451788
105.448551
105.445336
105.442145
105.438977
105.435833
105.432713
105.429617
105.426545
105.423499
105.420479
105.417485
105.414518
105.411580
105.408671
105.405794
105.402949
105.400138
105.397365
105.394633
105.391944
105.389305
105.386720
105.384197
105.381746
105.379379
105.377113
105.374970
105.372979
105.371183
105.369638
105.368428
105.367664
105.367491
105.368030
105.369145
105.369820
105.367805
105.361831
105.354165
105.347087
105.340920
105.335592
105.330925
105.326738
105.322898
105.319315
105.315929
105.312695
105.309583
105.306570
105.303639
105.300777
105.297974
105.295223
105.292517
105.289851
105.287222
105.284625
105.282059
105.279520
105.277007
105.274519
105.272053
105.269609
105.267185
105.264781
105.262396
105.260029
105.257679
105.255346
105.253029
105.250727
105.248441
105.246170
105.243914
105.241672
105.239444
105.237229
105.235028
105.232840
105.230665
105.228502
105.226352
105.224215
105.222089
105.219975
105.217874
105.215783
105.213705
105.211637
105.209581
105.207536
105.205502
105.203478
105.201466
105.199464
105.197472
105.195491
105.193520
105.191559
105.189609
105.187668
105.185737
105.183816
105.181905
105.180003
105.178111
105.176228
105.174355
105.172491
105.170636
105.168790
105.166953
105.165126
105.163307
105.161497
105.159696
105.157903
105.156120
105.154344
105.152578
105.150819
105.149070
105.147328
105.145595
105.143869
105.142153
105.140444
105.138743
105.137050
105.135365
105.133687
105.132018
105.130356
105.128702
105.127056
105.125417
105.123786
105.122162
105.120546
105.118936
105.117335
105.115740
105.114153
105.112573
105.111000
105.109434
105.107875
105.106323
105.104778
105.103240
105.101709
105.100184
105.098666
105.097155
105.095651
105.094153
105.092662
105.091177
105.089699
105.088227
105.086762
105.085303
105.083850
105.082404
105.080963
105.079529
105.078102
105.076680
105.075264
105.073855
105.072451
105.071054
105.069662
105.068276
105.066896
105.065522
105.064154
105.062791
105.061435
105.060083
105.058738
105.057398
105.056064
105.054735
105.053412
105.052094
105.050782
105.049475
105.048173
105.046877
105.045586
105.044300
105.043020
105.041745
105.040475
105.039210
105.037950
105.036696
105.035446
105.034202
105.032962
105.031728
105.030498
105.029273
105.028054
105.026839
105.025629
105.024423
105.023223
105.022027
105.020836
105.019650
105.018468
105.017291
105.016118
105.014951
105.013787
105.012629
105.011474
105.010325
105.009179
105.008038
105.006902
105.005770
105.004642
105.003519
105.002400
105.001285
105.000174
104.999068
104.997966
104.996868
104.995774
104.994685
104.993599
104.992518
104.991441
104.990367
104.989298
104.988233
104.987172
104.986115
104.985061
104.984012
104.982966
104.981925
104.980887
104.979853
104.978823
104.977797
104.976774
104.975755
104.974740
104.973729
104.972721
104.971717
104.970717
104.969720
104.968727
104.967738
104.966752
104.965770
104.964791
104.963816
104.962844
104.961876
104.960911
104.959949
104.958992
104.958037
104.957086
104.956138
104.955194
104.954253
104.953315
104.952381
104.951449
104.950522
104.949597
104.948676
104.947757
104.946843
104.945931
104.945022
104.944117
104.943215
104.942315
104.941419
104.940526
104.939637
104.938750
104.937866
104.936985
104.936108
104.935233
104.934361
104.933492
104.932627
104.931764
104.930904
104.930047
104.929193
104.928342
104.927493
104.926648
104.925805
104.924965
104.924128
104.923294
104.922463
104.921634
104.920808
104.919985
104.919164
104.918347
104.917532
104.916719
104.915910
104.915103
104.914298
104.913497
104.912698
104.911901
104.911107
104.910316
104.909527
104.908741
104.907958
104.907177
104.906398
104.905622
104.904849
104.904078
104.903309
104.902543
104.901780
104.901019
104.900260
104.899504
104.898750
104.897998
104.897249
104.896503
104.895758
104.895016
104.894277
104.893539
104.892804
104.892072
104.891341
104.890613
104.889888
104.889164
104.888443
104.887724
104.887007
104.886292
104.885580
104.884870
104.884162
104.883456
104.882753
104.882051
104.881352
104.880655
104.879960
104.879267
104.878577
104.877888
104.877202
104.876517
104.875835
104.875155
104.874476
104.873800
104.873126
104.872454
104.871784
104.871116
104.870450
104.869786
104.869124
104.868464
104.867806
104.867150
104.866496
104.865844
104.865193
104.864545
104.863899
104.863254
104.862612
104.861971
104.861332
104.860695
104.860060
104.859427
104.858796
104.858166
104.857538
104.856913
104.856289
104.855667
104.855046
104.854428
104.853811
104.853196
104.852583
104.851971
104.851362
104.850754
104.850147
104.849543
104.848940
104.848339
104.847740
104.847143
104.846547
104.845953
104.845360
104.844769
104.844180
104.843593
104.843007
104.842423
104.841840
104.841260
104.840680
104.840103
104.839527
104.838953
104.838380
104.837809
104.837239
104.836671
104.836105
104.835540
104.834977
104.834415
104.833855
104.833296
104.832739
104.832184
104.831630
104.831078
104.830527
104.829977
104.829429
104.828883
104.828338
104.827795
104.827253
104.826712
104.826173
104.825636
104.825099
104.824565
104.824032
104.823500
104.822970
104.822441
104.821913
104.821387
104.820862
104.820339
104.819817
104.819297
104.818778
104.818260
104.817744
104.817229
104.816715
104.816203
104.815692
104.815183
104.814675
104.814168
104.813662
104.813158
104.812656
104.812154
104.811654
104.811155
104.810657
104.810161
104.809666
104.809172
104.808680
104.808189
104.807699
104.807210
104.806723
104.806237
104.805752
104.805269
104.804786
104.804305
104.803826
104.803347
104.802870
104.802393
104.801918
104.801445
104.800972
104.800501
104.800031
104.799562
104.799094
104.798628
104.798162
104.797698
104.797235
104.796773
104.796313
104.795853
104.795395
104.794937
104.794481
104.794026
104.793573
104.793120
104.792668
104.792218
104.791769
104.791321
104.790874
104.790428
104.789983
104.789539
104.789096
104.788655
104.788214
104.787775
104.787337
104.786899
104.786463
104.786028
104.785594
104.785161
104.784729
104.784298
104.783869
104.783440
104.783012
104.782585
104.782160
104.781735
104.781312
104.780889
104.780468
104.780047
104.779627
104.779209
104.778791
104.778375
104.777959
104.777545
104.777131
104.776719
104.776307
104.775897
104.775487
104.775079
104.774671
104.774264
104.773859
104.773454
104.773050
104.772647
104.772245
104.771844
104.771444
104.771045
104.770647
104.770250
104.769854
104.769458
104.769064
104.768670
104.768278
104.767886
104.767495
104.767105
104.766717
104.766328
104.765941
104.765555
104.765170
104.764785
104.764402
104.764019
104.763637
104.763256
104.762876
104.762497
104.762119
104.761741
104.761365
104.760989
104.760614
104.760240
104.759867
104.759494
104.759123
104.758752
104.758382
104.758013
104.757645
104.757278
104.756912
104.756546
104.756181
104.755817
104.755454
104.755091
104.754730
104.754369
104.754009
104.753650
104.753292
104.752934
104.752577
104.752221
104.751866
104.751512
104.751158
104.750805
104.750453
104.750102
104.749752
104.749402
104.749053
104.748705
104.748357
104.748011
104.747665
104.747320
104.746975
104.746632
104.746289
104.745947
104.745605
104.745264
104.744925
104.744585
104.744247
104.743909
104.743572
104.743236
104.742901
104.742566
104.742232
104.741898
104.741566
104.741234
104.740903
104.740572
104.740242
104.739913
104.739585
104.739257
104.738930
104.738604
104.738278
104.737953
104.737629
104.737306
104.736983
104.736661
104.736339
104.736018
104.735698
104.735379
104.735060
104.734742
104.734424
104.734108
104.733792
104.733476
104.733161
104.732847
104.732534
104.732221
104.731909
104.731597
104.731286
104.730976
104.730667
104.730358
104.730049
104.729742
104.729435
104.729128
104.728823
104.728517
104.728213
104.727909
104.727606
104.727303
104.727001
104.726700
104.726399
104.726099
104.725799
104.725500
104.725202
104.724904
104.724607
104.724311
104.724015
104.723720
104.723425
104.723131
104.722837
104.722544
104.722252
104.721960
104.721669
104.721379
104.721089
104.720799
104.720510
104.720222
104.719935
104.719647
104.719361
104.719075
104.718790
104.718505
104.718221
104.717937
104.717654
104.717371
104.717089
104.716808
104.716527
104.716247
104.715967
104.715688
104.715409
104.715131
104.714853
104.714576
104.714300
104.714024
104.713749
104.713474
104.713200
104.712926
104.712653
104.712380
104.712108
104.711836
104.711565
104.711294
104.711024
104.710755
104.710486
104.710217
104.709949
104.709682
104.709415
104.709148
104.708882
104.708617
104.708352
104.708088
104.707824
104.707561
104.707298
104.707035
104.706773
104.706512
104.706251
104.705991
104.705731
104.705472
104.705213
104.704954
104.704696
104.704439
104.704182
104.703926
104.703670
104.703414
104.703159
104.702905
104.702651
104.702397
104.702144
104.701891
104.701639
104.701388
104.701137
104.700886
104.700636
104.700386
104.700137
104.699888
104.699639
104.699391
104.699144
104.698897
104.698650
104.698404
104.698159
104.697914
104.697669
104.697425
104.697181
104.696937
104.696694
104.696452
104.696210
104.695968
104.695727
104.695487
104.695246
104.695007
104.694767
104.694528
104.694290
104.694052
104.693814
104.693577
104.693340
104.693104
104.692868
104.692632
104.692397
104.692163
104.691929
104.691695
104.691461
104.691229
104.690996
104.690764
104.690532
104.690301
104.690070
104.689840
104.689610
104.689380
104.689151
104.688922
104.688694
104.688466
104.688238
104.688011
104.687784
104.687558
104.687332
104.687107
104.686881
104.686657
104.686432
104.686208
104.685985
104.685762
104.685539
104.685317
104.685095
104.684873
104.684652
104.684431
104.684211
104.683991
104.683771
104.683552
104.683333
104.683114
104.682896
104.682678
104.682461
104.682244
104.682028
104.681811
104.681596
104.681380
104.681165
104.680950
104.680736
104.680522
104.680308
104.680095
104.679882
104.679670
104.679458
104.679246
104.679034
104.678823
104.678613
104.678402
104.678192
104.677983
104.677774
104.677565
104.677356
104.677148
104.676940
104.676733
104.676526
104.676319
104.676113
104.675907
104.675701
104.675495
104.675290
104.675086
104.674882
104.674678
104.674474
104.674271
104.674068
104.673865
104.673663
104.673461
104.673259
104.673058
104.672857
104.672657
104.672457
104.672257
104.672057
104.671858
104.671659
104.671460
104.671262
