2.692582 8 1003.250000 1000.500000 0.000000 
2.915476 10 1003.300000 1000.400000 0.000000 
3.354102 11 1003.363636 1000.636364 0.000000 
2.915476 11 1003.454545 1000.727273 0.000000 
2.915476 13 1003.615385 1000.615385 0.000000 
3.201562 15 1003.600000 1000.400000 0.000000 
3.905125 15 1004.000000 1000.600000 0.000000 
4.301163 18 1004.055556 1000.555556 0.000000 
4.716991 20 1003.900000 1000.650000 0.000000 
5.147815 30 1003.866667 1000.466667 0.000000 
5.408327 19 1003.052632 1001.631579 0.000000 
4.472136 14 1002.714286 1002.071429 0.000000 
4.924429 17 1002.764706 1002.000000 0.000000 
5.590170 20 1002.650000 1002.100000 0.000000 
6.264982 24 1002.166667 1001.875000 0.000000 
6.264982 28 1002.607143 1002.035714 0.000000 
6.708204 28 1002.071429 1002.071429 0.000000 
6.324555 25 1002.640000 1001.960000 0.000000 
7.433034 29 1002.620690 1001.827586 0.000000 
7.433034 32 1002.656250 1001.812500 0.000000 
8.544004 42 1002.738095 1001.809524 0.000000 
8.544004 38 1002.447368 1001.947368 0.000000 
9.394147 47 1002.361702 1001.893617 0.000000 
9.848858 52 1002.115385 1001.961538 0.000000 
10.307764 40 1002.300000 1001.900000 0.000000 
10.124228 34 1001.176471 1002.441176 0.000000 
10.594810 41 1001.048780 1002.317073 0.000000 
11.067972 42 1001.571429 1002.404762 0.000000 
11.543396 49 1001.285714 1002.183673 0.000000 
11.543396 57 1001.982456 1002.473684 0.000000 
12.175796 58 1001.551724 1002.310345 0.000000 
12.649111 50 1001.120000 1002.560000 0.000000 
13.285330 64 1001.796875 1002.531250 0.000000 
13.285330 63 1000.841270 1002.476190 0.000000 
13.756816 73 1001.986301 1002.534247 0.000000 
13.928388 68 1000.632353 1002.735294 0.000000 
15.041609 78 1000.846154 1002.653846 0.000000 
15.041609 92 1000.391304 1002.445652 0.000000 
15.692355 96 1001.802083 1002.562500 0.000000 
15.890249 96 1000.947917 1002.843750 0.000000 
16.101242 102 1001.578431 1003.176471 0.000000 
16.101242 92 1001.315217 1002.858696 0.000000 
16.552945 66 1001.318182 1003.030303 0.000000 
17.219175 67 1002.522388 1002.985075 0.000000 
17.219175 63 1000.952381 1003.206349 0.000000 
17.219175 68 1002.500000 1003.470588 0.000000 
17.442764 64 1000.937500 1003.656250 0.000000 
16.378339 73 1001.589041 1003.794521 0.000000 
16.378339 66 1001.030303 1003.560606 0.000000 
16.807736 96 1001.989583 1003.739583 0.000000 
16.807736 66 999.545455 1003.590909 0.000000 
16.643317 69 1000.594203 1002.681159 0.000000 
17.492856 66 999.575758 1002.848485 0.000000 
17.677670 66 1000.530303 1002.803030 0.000000 
17.923448 67 999.000000 1002.880597 0.000000 
17.923448 62 1000.661290 1002.322581 0.000000 
18.357560 64 999.203125 1002.250000 0.000000 
18.117671 71 1000.056338 1002.267606 0.000000 
18.794946 73 999.876712 1002.054795 0.000000 
18.794946 78 998.666667 1002.500000 0.000000 
18.794946 72 999.319444 1002.347222 0.000000 
19.678669 78 999.230769 1002.666667 0.000000 
19.678669 73 997.671233 1002.575342 0.000000 
20.124612 83 997.746988 1002.421687 0.000000 
20.796634 88 997.227273 1002.147727 0.000000 
20.796634 85 997.470588 1002.600000 0.000000 
20.796634 82 997.878049 1002.390244 0.000000 
21.470911 83 998.469880 1002.638554 0.000000 
21.914607 94 997.797872 1002.595745 0.000000 
21.914607 94 997.159574 1002.393617 0.000000 
21.470911 93 997.784946 1002.193548 0.000000 
21.914607 100 997.920000 1002.720000 0.000000 
22.147235 99 996.262626 1001.777778 0.000000 
22.588714 87 995.367816 1002.390805 0.000000 
22.360680 95 993.778947 1001.789474 0.000000 
22.808989 81 996.049383 1001.814815 0.000000 
22.808989 102 993.656863 1001.176471 0.000000 
23.259407 96 996.354167 1001.135417 0.000000 
23.926972 111 994.162162 1001.540541 0.000000 
23.926972 95 997.410526 1001.515789 0.000000 
24.596748 96 996.572917 1001.375000 0.000000 
24.596748 100 995.170000 1001.290000 0.000000 
24.596748 87 993.597701 1001.735632 0.000000 
23.942640 84 991.630952 1001.797619 0.000000 
23.942640 104 990.615385 1001.788462 0.000000 
24.622145 85 990.388235 1001.811765 0.000000 
25.059928 90 989.000000 1001.355556 0.000000 
25.500000 85 990.105882 1001.835294 0.000000 
25.739075 88 987.534091 1001.284091 0.000000 
25.739075 84 987.511905 1002.535714 0.000000 
26.669271 85 985.070588 1002.223529 0.000000 
26.239284 77 984.688312 1002.558442 0.000000 
26.669271 86 983.604651 1002.232558 0.000000 
27.189152 84 982.880952 1002.369048 0.000000 
27.613403 98 981.357143 1001.510204 0.000000 
27.879204 76 982.671053 1000.986842 0.000000 
27.784888 82 981.524390 1000.731707 0.000000 
26.419690 73 981.835616 1001.972603 0.000000 
27.354159 81 980.382716 1001.777778 0.000000 
27.354159 76 980.750000 1001.986842 0.000000 
27.784888 83 979.843373 1001.831325 0.000000 
27.354159 85 979.658824 1001.470588 0.000000 
27.784888 88 978.863636 1001.500000 0.000000 
28.040150 94 978.925532 1001.180851 0.000000 
28.217902 90 978.800000 1001.011111 0.000000 
28.040150 95 978.821053 1000.631579 0.000000 
28.469282 84 979.976190 1000.369048 0.000000 
28.469282 104 978.490385 1000.317308 0.000000 
29.154759 110 978.827273 999.863636 0.000000 
29.154759 113 978.646018 1000.053097 0.000000 
29.415132 114 979.114035 999.745614 0.000000 
29.841247 130 978.584615 999.761538 0.000000 
29.841247 124 978.225806 1000.282258 0.000000 
30.103986 132 978.340909 999.643939 0.000000 
30.103986 116 978.629310 999.767241 0.000000 
30.793668 135 977.637037 999.674074 0.000000 
30.528675 121 978.388430 999.223140 0.000000 
31.216983 150 978.233333 998.846667 0.000000 
31.216983 123 978.650407 998.813008 0.000000 
31.484123 152 978.111842 998.401316 0.000000 
31.906112 142 976.338028 999.612676 0.000000 
31.906112 133 976.315789 1000.060150 0.000000 
32.596012 142 975.704225 999.992958 0.000000 
32.596012 173 975.751445 999.549133 0.000000 
33.286634 159 975.786164 999.534591 0.000000 
33.286634 181 976.585635 999.116022 0.000000 
33.708308 166 976.885542 999.054217 0.000000 
32.596012 184 976.217391 999.342391 0.000000 
33.018934 182 977.291209 998.434066 0.000000 
33.018934 192 975.578125 999.255208 0.000000 
33.443983 161 976.639752 999.037267 0.000000 
33.018934 174 976.396552 998.591954 0.000000 
33.443983 159 976.427673 999.062893 0.000000 
33.443983 170 975.847059 998.876471 0.000000 
34.132096 169 975.958580 999.609467 0.000000 
33.615473 179 974.335196 1000.474860 0.000000 
33.615473 168 976.404762 999.678571 0.000000 
34.047761 171 975.292398 999.356725 0.000000 
34.047761 187 974.983957 999.122995 0.000000 
34.481879 179 973.927374 999.675978 0.000000 
34.238137 164 976.469512 999.024390 0.000000 
34.441980 156 975.301282 1000.108974 0.000000 
33.559648 158 974.886076 1000.348101 0.000000 
34.000000 151 974.960265 1000.615894 0.000000 
33.767588 155 973.851613 1001.000000 0.000000 
34.212571 153 973.960784 1000.928105 0.000000 
34.441980 151 973.675497 1001.258278 0.000000 
31.815877 163 973.128834 1001.251534 0.000000 
31.815877 172 973.604651 1001.273256 0.000000 
32.070235 149 973.798658 1000.926174 0.000000 
32.500000 150 973.880000 1001.120000 0.000000 
32.756679 157 973.280255 1000.452229 0.000000 
33.185087 143 974.608392 1000.069930 0.000000 
31.906112 147 975.721088 1000.353741 0.000000 
32.175301 136 976.750000 1000.066176 0.000000 
30.927334 148 976.445946 1000.878378 0.000000 
31.622777 144 976.666667 999.576389 0.000000 
31.212978 138 976.275362 999.543478 0.000000 
31.622777 146 975.739726 999.424658 0.000000 
31.212978 136 976.102941 1000.176471 0.000000 
31.910030 149 974.939597 1000.268456 0.000000 
31.910030 153 974.732026 1000.424837 0.000000 
32.202484 169 974.071006 999.337278 0.000000 
32.607514 162 974.067901 999.432099 0.000000 
32.607514 170 974.147059 998.882353 0.000000 
32.901368 170 973.894118 997.817647 0.000000 
32.901368 169 974.491124 998.017751 0.000000 
33.200151 166 974.481928 996.969880 0.000000 
33.200151 172 974.133721 997.180233 0.000000 
32.802439 171 974.298246 997.298246 0.000000 
33.503731 169 974.408284 997.147929 0.000000 
33.503731 175 975.188571 998.240000 0.000000 
33.811980 155 975.683871 996.729032 0.000000 
33.503731 150 975.853333 997.713333 0.000000 
33.811980 151 976.013245 998.596026 0.000000 
33.811980 175 975.137143 997.022857 0.000000 
33.811980 155 975.341935 998.064516 0.000000 
34.124771 178 975.247191 996.679775 0.000000 
34.124771 155 975.187097 998.567742 0.000000 
34.441980 149 974.778523 997.724832 0.000000 
34.124771 155 974.903226 998.664516 0.000000 
34.441980 160 974.543750 997.887500 0.000000 
34.124771 155 974.870968 998.625806 0.000000 
34.441980 175 974.320000 998.508571 0.000000 
34.124771 152 975.493421 999.782895 0.000000 
34.383862 168 975.130952 999.809524 0.000000 
34.058773 167 975.161677 1000.616766 0.000000 
34.763487 188 975.000000 1000.515957 0.000000 
34.441980 177 975.485876 1001.310734 0.000000 
34.763487 166 975.018072 1000.487952 0.000000 
34.441980 173 974.722543 1000.976879 0.000000 
35.468296 169 973.816568 999.615385 0.000000 
35.146124 148 974.398649 999.418919 0.000000 
35.468296 170 974.429412 1000.588235 0.000000 
35.146124 168 974.559524 1000.321429 0.000000 
35.794553 157 974.401274 1000.121019 0.000000 
35.850384 157 974.713376 1000.414013 0.000000 
36.173194 158 974.683544 1000.392405 0.000000 
35.850384 178 974.370787 1000.977528 0.000000 
35.383612 169 975.005917 1001.556213 0.000000 
35.046398 174 974.367816 1001.316092 0.000000 
35.752622 179 974.100559 1000.938547 0.000000 
35.418921 170 973.900000 1000.429412 0.000000 
35.752622 169 973.923077 1000.402367 0.000000 
36.124784 182 973.494505 1000.642857 0.000000 
36.458881 191 973.696335 1001.293194 0.000000 
35.752622 212 973.334906 1002.311321 0.000000 
36.090165 183 973.480874 1000.420765 0.000000 
36.458881 193 973.518135 1001.512953 0.000000 
36.796739 181 973.635359 1001.077348 0.000000 
36.124784 179 973.033520 1000.765363 0.000000 
35.146124 173 973.791908 1000.473988 0.000000 
34.441980 170 973.888235 1000.517647 0.000000 
34.763487 159 974.421384 999.515723 0.000000 
34.441980 167 974.311377 999.029940 0.000000 
34.441980 171 974.052632 999.035088 0.000000 
33.811980 167 973.994012 998.646707 0.000000 
34.124771 179 974.251397 1000.067039 0.000000 
34.205263 162 974.074074 998.376543 0.000000 
34.514490 146 975.157534 997.780822 0.000000 
33.600595 151 974.900662 997.715232 0.000000 
33.600595 161 975.093168 997.819876 0.000000 
33.600595 161 974.950311 997.931677 0.000000 
33.600595 170 975.017647 998.205882 0.000000 
33.600595 175 974.588571 998.142857 0.000000 
33.600595 177 974.887006 998.435028 0.000000 
33.600595 178 974.511236 997.983146 0.000000 
33.900590 178 974.780899 998.393258 0.000000 
33.712016 179 974.564246 998.307263 0.000000 
34.300146 196 974.367347 998.331633 0.000000 
33.712016 183 973.530055 998.038251 0.000000 
34.003676 170 973.723529 997.252941 0.000000 
33.712016 152 973.526316 997.539474 0.000000 
34.003676 157 973.184713 997.210191 0.000000 
33.712016 151 973.125828 996.476821 0.000000 
34.003676 152 973.269737 996.710526 0.000000 
33.712016 146 973.191781 996.842466 0.000000 
34.003676 144 973.395833 996.493056 0.000000 
33.712016 150 973.073333 996.533333 0.000000 
34.409301 154 973.246753 996.558442 0.000000 
34.121108 161 973.155280 996.447205 0.000000 
34.409301 173 972.543353 997.011561 0.000000 
34.121108 148 973.243243 995.831081 0.000000 
34.003676 157 973.974522 996.770701 0.000000 
33.712016 137 974.094891 996.145985 0.000000 
34.003676 141 973.595745 995.794326 0.000000 
33.712016 143 973.923077 996.272727 0.000000 
34.409301 138 973.891304 995.688406 0.000000 
34.121108 148 973.391892 996.662162 0.000000 
34.409301 149 974.013423 997.013423 0.000000 
34.121108 159 972.276730 997.176101 0.000000 
34.817381 144 972.638889 997.361111 0.000000 
34.532593 143 973.517483 997.279720 0.000000 
34.409301 149 973.630872 998.026846 0.000000 
33.712016 145 974.662069 997.786207 0.000000 
34.409301 150 973.993333 997.440000 0.000000 
34.121108 163 972.797546 997.184049 0.000000 
34.817381 161 973.055901 997.906832 0.000000 
34.532593 157 972.840764 998.038217 0.000000 
35.227830 164 972.219512 998.024390 0.000000 
34.946388 172 972.424419 997.581395 0.000000 
35.227830 157 972.471338 998.178344 0.000000 
35.362409 151 972.788079 997.410596 0.000000 
35.640567 155 971.948387 997.225806 0.000000 
35.362409 146 972.520548 996.335616 0.000000 
35.640567 157 972.121019 996.299363 0.000000 
35.780581 155 972.645161 996.470968 0.000000 
36.055513 165 972.351515 997.648485 0.000000 
35.780581 155 972.470968 996.509677 0.000000 
36.472592 184 972.239130 997.168478 0.000000 
36.472592 172 972.424419 996.081395 0.000000 
36.891733 167 973.233533 996.143713 0.000000 
36.472592 179 972.592179 996.849162 0.000000 
37.165172 178 972.758427 995.275281 0.000000 
37.165172 162 974.006173 996.969136 0.000000 
37.443290 158 974.708861 997.101266 0.000000 
37.165172 146 976.027397 996.931507 0.000000 
37.443290 156 974.903846 995.775641 0.000000 
37.725986 152 975.019737 997.631579 0.000000 
38.013156 140 975.028571 996.278571 0.000000 
38.013156 143 975.237762 995.972028 0.000000 
38.304699 130 974.953846 995.907692 0.000000 
38.600518 143 974.300699 995.069930 0.000000 
38.600518 141 975.312057 996.531915 0.000000 
39.204592 165 972.872727 994.509091 0.000000 
39.204592 148 975.074324 995.560811 0.000000 
39.824616 178 972.994382 992.977528 0.000000 
39.512656 176 974.721591 995.113636 0.000000 
39.512656 189 972.629630 992.375661 0.000000 
39.512656 193 973.746114 994.430052 0.000000 
40.140379 199 971.537688 992.115578 0.000000 
40.459857 205 971.756098 993.380488 0.000000 
40.140379 207 971.884058 993.043478 0.000000 
40.459857 199 972.442211 995.643216 0.000000 
40.459857 210 971.923810 993.695238 0.000000 
40.459857 181 972.408840 995.309392 0.000000 
40.459857 193 972.487047 994.305699 0.000000 
40.140379 177 971.610169 994.790960 0.000000 
40.782962 179 971.798883 994.541899 0.000000 
40.782962 178 971.775281 995.056180 0.000000 
41.109610 191 971.821990 995.167539 0.000000 
41.109610 200 971.775000 996.090000 0.000000 
41.109610 190 972.910526 994.615789 0.000000 
41.773197 200 972.650000 994.905000 0.000000 
41.773197 207 973.637681 993.763285 0.000000 
42.449971 211 971.772512 995.639810 0.000000 
42.449971 187 974.283422 994.026738 0.000000 
42.793107 190 973.457895 993.373684 0.000000 
42.793107 189 973.201058 992.608466 0.000000 
43.139309 187 973.128342 995.278075 0.000000 
43.139309 192 973.843750 994.437500 0.000000 
43.488504 197 973.106599 995.025381 0.000000 
43.139309 190 973.468421 994.936842 0.000000 
43.139309 205 973.404878 996.565854 0.000000 
43.488504 211 973.004739 995.436019 0.000000 
44.195588 216 972.185185 996.407407 0.000000 
44.195588 228 973.171053 996.706140 0.000000 
44.902673 218 972.197248 998.408257 0.000000 
44.902673 222 972.891892 997.495495 0.000000 
45.961941 224 971.928571 999.258929 0.000000 
45.961941 211 974.189573 996.739336 0.000000 
46.316844 226 975.424779 997.853982 0.000000 
45.967380 198 975.505051 998.494949 0.000000 
47.023930 225 976.235556 998.777778 0.000000 
46.674404 216 974.976852 999.472222 0.000000 
47.381431 222 975.009009 998.558559 0.000000 
47.034562 215 975.227907 1000.093023 0.000000 
48.088460 208 974.533654 999.153846 0.000000 
48.088460 221 975.751131 999.936652 0.000000 
48.088460 204 973.544118 1000.725490 0.000000 
48.088460 223 974.313901 1001.524664 0.000000 
48.795492 204 971.808824 999.710784 0.000000 
49.145193 218 972.692661 1000.747706 0.000000 
49.502525 203 971.270936 1001.192118 0.000000 
49.502525 218 970.027523 1001.931193 0.000000 
49.497475 205 971.204878 1001.297561 0.000000 
49.852282 206 970.849515 999.747573 0.000000 
49.852282 210 970.100000 1001.385714 0.000000 
50.209561 209 970.435407 998.918660 0.000000 
50.224496 203 970.714286 1001.004926 0.000000 
50.569259 218 970.137615 1001.596330 0.000000 
50.931326 210 971.285714 1001.038095 0.000000 
50.931326 220 971.459091 1002.009091 0.000000 
51.295711 238 970.974790 1001.222689 0.000000 
51.295711 251 971.414343 1001.031873 0.000000 
51.295711 257 971.867704 1002.276265 0.000000 
51.638164 250 973.136000 1002.444000 0.000000 
52.368884 273 972.201465 1002.501832 0.000000 
52.709107 276 972.387681 1003.050725 0.000000 
52.709107 288 971.704861 1002.062500 0.000000 
53.051861 302 973.274834 1002.407285 0.000000 
53.415822 297 972.117845 1002.104377 0.000000 
53.758720 312 972.826923 1001.448718 0.000000 
53.758720 320 972.496875 1001.571875 0.000000 
54.104066 326 973.567485 1002.644172 0.000000 
54.465585 312 972.564103 1001.762821 0.000000 
54.811039 324 972.148148 1002.780864 0.000000 
54.811039 309 973.595469 1003.249191 0.000000 
54.811039 319 974.115987 1002.617555 0.000000 
55.518015 330 973.766667 1002.784848 0.000000 
55.518015 331 974.767372 1005.087613 0.000000 
55.865911 320 972.015625 1003.484375 0.000000 
55.865911 307 973.573290 1004.296417 0.000000 
56.572962 284 972.577465 1003.739437 0.000000 
56.572962 304 973.332237 1005.773026 0.000000 
56.572962 293 973.146758 1003.320819 0.000000 
56.923194 267 975.172285 1004.389513 0.000000 
57.280014 272 973.595588 1003.764706 0.000000 
57.280014 270 974.262963 1003.366667 0.000000 
57.630287 296 973.162162 1003.152027 0.000000 
57.630287 292 973.280822 1002.821918 0.000000 
58.337381 288 971.395833 1002.336806 0.000000 
58.337381 284 971.373239 1003.647887 0.000000 
58.337381 298 970.973154 1004.224832 0.000000 
58.689863 336 969.020833 1004.779762 0.000000 
59.044475 321 969.956386 1004.258567 0.000000 
59.396970 325 968.716923 1001.464615 0.000000 
59.396970 287 968.954704 1004.024390 0.000000 
59.751569 310 967.422581 1005.329032 0.000000 
60.104076 297 969.764310 1005.579125 0.000000 
60.458664 312 968.150641 1006.548077 0.000000 
59.751569 322 968.605590 1006.524845 0.000000 
60.104076 331 966.302115 1007.682779 0.000000 
60.458664 344 967.802326 1005.322674 0.000000 
60.811183 359 966.688022 1007.534819 0.000000 
60.458664 356 966.879213 1007.764045 0.000000 
60.811183 372 966.016129 1008.088710 0.000000 
61.165758 389 965.673522 1008.002571 0.000000 
61.872853 376 965.542553 1008.946809 0.000000 
61.522354 395 966.172152 1008.703797 0.000000 
61.872853 370 966.681081 1008.475676 0.000000 
62.229414 405 964.930864 1009.118519 0.000000 
62.936476 400 966.640000 1008.512500 0.000000 
62.936476 388 966.902062 1008.827320 0.000000 
62.936476 384 966.716146 1008.052083 0.000000 
63.643539 405 966.004938 1009.325926 0.000000 
64.001953 393 967.325700 1007.254453 0.000000 
64.001953 376 966.050532 1009.202128 0.000000 
64.001953 366 967.710383 1008.437158 0.000000 
64.708964 390 964.584615 1009.446154 0.000000 
65.069194 382 964.772251 1009.337696 0.000000 
65.415977 371 966.129380 1007.641509 0.000000 
65.415977 389 964.377892 1009.215938 0.000000 
65.776135 409 964.002445 1007.640587 0.000000 
66.483081 406 964.022167 1009.401478 0.000000 
66.483081 409 964.902200 1008.266504 0.000000 
66.830008 399 964.012531 1010.007519 0.000000 
67.190029 408 964.308824 1009.308824 0.000000 
67.896981 419 963.143198 1009.806683 0.000000 
67.896981 404 965.646040 1009.024752 0.000000 
68.244047 391 963.976982 1008.631714 0.000000 
67.915389 410 964.058537 1008.414634 0.000000 
68.622154 434 963.691244 1008.582949 0.000000 
68.622154 417 963.486811 1008.654676 0.000000 
68.965571 427 963.313817 1008.543326 0.000000 
68.987318 395 963.144304 1009.318987 0.000000 
69.693974 402 963.736318 1008.860697 0.000000 
69.693974 385 963.537662 1009.233766 0.000000 
69.693974 386 964.751295 1007.740933 0.000000 
70.400639 403 963.014888 1008.880893 0.000000 
70.767224 404 963.849010 1009.670792 0.000000 
71.107313 424 964.169811 1009.948113 0.000000 
70.767224 422 965.556872 1009.630332 0.000000 
71.473771 394 964.230964 1010.197970 0.000000 
71.505245 422 963.933649 1010.528436 0.000000 
71.841840 405 963.333333 1010.624691 0.000000 
71.505245 405 963.977778 1010.232099 0.000000 
72.211495 411 963.491484 1011.647202 0.000000 
72.249567 429 963.249417 1011.039627 0.000000 
72.582711 384 964.489583 1010.216146 0.000000 
72.249567 376 965.752660 1008.260638 0.000000 
72.955466 356 964.994382 1008.390449 0.000000 
73.000000 350 966.120000 1008.560000 0.000000 
73.329735 339 966.241888 1007.162242 0.000000 
73.000000 341 966.598240 1007.695015 0.000000 
73.705495 333 967.321321 1005.966967 0.000000 
74.082724 334 967.742515 1006.985030 0.000000 
74.411021 341 967.859238 1006.967742 0.000000 
74.082724 348 966.850575 1007.445402 0.000000 
74.788034 332 966.481928 1008.731928 0.000000 
75.166482 327 968.027523 1007.740061 0.000000 
75.166482 333 965.591592 1010.045045 0.000000 
75.493377 324 965.759259 1009.114198 0.000000 
75.871602 295 968.684746 1008.128814 0.000000 
76.576759 278 970.485612 1006.604317 0.000000 
76.251229 288 970.857639 1006.579861 0.000000 
76.576759 300 972.043333 1005.273333 0.000000 
76.632239 296 972.037162 1005.097973 0.000000 
77.336925 273 971.289377 1005.219780 0.000000 
77.014609 283 970.021201 1006.060071 0.000000 
77.336925 264 970.958333 1004.662879 0.000000 
77.398320 282 970.574468 1005.453901 0.000000 
78.102497 268 972.664179 1002.955224 0.000000 
77.783353 279 972.817204 1003.258065 0.000000 
78.102497 263 972.136882 1003.661597 0.000000 
78.169687 264 972.522727 1003.094697 0.000000 
78.873316 257 972.424125 1002.887160 0.000000 
78.557304 268 971.884328 1003.223881 0.000000 
79.191224 249 971.706827 1003.722892 0.000000 
79.260646 236 972.936441 1002.500000 0.000000 
79.964054 226 972.380531 1002.814159 0.000000 
79.649231 242 972.326446 1003.355372 0.000000 
80.280757 230 972.339130 1002.804348 0.000000 
80.352349 237 972.274262 1003.227848 0.000000 
81.055537 236 970.724576 1004.334746 0.000000 
80.741873 226 968.986726 1005.876106 0.000000 
81.371064 223 970.076233 1004.632287 0.000000 
81.444767 217 969.258065 1005.700461 0.000000 
82.147733 216 971.000000 1003.527778 0.000000 
81.835200 211 970.213270 1004.265403 0.000000 
82.462113 227 971.612335 1002.105727 0.000000 
82.537870 223 969.650224 1003.964126 0.000000 
83.240615 216 970.189815 1002.583333 0.000000 
82.929187 224 969.669643 1003.616071 0.000000 
83.553875 201 969.194030 1003.855721 0.000000 
83.631633 212 969.438679 1004.023585 0.000000 
84.334157 202 968.712871 1005.450495 0.000000 
84.023806 222 968.531532 1005.504505 0.000000 
84.646323 214 967.528037 1007.771028 0.000000 
84.726029 217 968.474654 1006.041475 0.000000 
85.428333 227 968.449339 1006.475771 0.000000 
85.119034 222 968.855856 1006.391892 0.000000 
85.739431 215 970.148837 1004.730233 0.000000 
85.821035 211 970.549763 1005.137441 0.000000 
86.523118 210 970.171429 1004.790476 0.000000 
86.214848 218 969.857798 1005.596330 0.000000 
86.833173 226 971.907080 1002.752212 0.000000 
86.916627 229 971.502183 1002.716157 0.000000 
87.618491 240 972.591667 1001.416667 0.000000 
87.311225 257 972.735409 1000.603113 0.000000 
87.927527 266 973.067669 1000.443609 0.000000 
88.012783 262 972.610687 1000.179389 0.000000 
88.714429 273 973.274725 999.304029 0.000000 
88.408144 250 971.728000 1000.600000 0.000000 
89.022469 273 973.992674 998.062271 0.000000 
89.109483 258 973.399225 998.503876 0.000000 
89.810912 269 973.568773 998.193309 0.000000 
89.505586 263 971.889734 999.646388 0.000000 
90.117978 294 973.380952 997.799320 0.000000 
90.206707 276 972.025362 999.239130 0.000000 
90.907920 292 970.969178 1000.047945 0.000000 
90.603532 278 971.035971 999.679856 0.000000 
91.214034 290 971.210345 1000.100000 0.000000 
91.304436 293 971.812287 998.918089 0.000000 
92.005435 305 971.800000 999.675410 0.000000 
91.701963 276 970.963768 1000.898551 0.000000 
92.310617 274 970.762774 1001.229927 0.000000 
92.402651 280 971.914286 999.682143 0.000000 
93.103437 266 972.041353 999.969925 0.000000 
92.800862 254 972.708661 999.299213 0.000000 
93.407708 263 973.414449 998.676806 0.000000 
93.501337 254 974.208661 997.618110 0.000000 
94.201911 266 974.864662 997.360902 0.000000 
93.900213 262 974.637405 996.282443 0.000000 
94.505291 275 975.203636 996.960000 0.000000 
94.600476 255 973.698039 997.164706 0.000000 
95.300839 253 973.130435 997.525692 0.000000 
95.000000 268 973.339552 997.082090 0.000000 
95.603347 281 972.921708 997.117438 0.000000 
95.700052 296 973.043919 996.770270 0.000000 
96.400207 293 973.105802 997.324232 0.000000 
96.100208 304 973.075658 997.565789 0.000000 
96.701861 298 973.325503 997.463087 0.000000 
96.800052 320 973.403125 997.731250 0.000000 
97.500000 329 973.689970 997.516717 0.000000 
97.200823 338 974.014793 996.511834 0.000000 
97.800818 326 973.432515 997.996933 0.000000 
97.900460 323 974.417957 997.164087 0.000000 
98.600203 338 974.497041 996.763314 0.000000 
98.301831 344 974.578488 997.601744 0.000000 
98.900202 309 973.822006 998.352751 0.000000 
99.001263 325 975.101538 998.181538 0.000000 
99.700802 327 974.247706 998.981651 0.000000 
99.403219 341 976.592375 997.865103 0.000000 
100.000000 306 975.026144 998.261438 0.000000 
100.102448 300 974.593333 997.876667 0.000000 
100.801786 280 973.650000 998.396429 0.000000 
100.504975 264 973.700758 997.886364 0.000000 
101.100198 258 974.949612 998.379845 0.000000 
101.204002 242 974.202479 998.690083 0.000000 
101.903140 242 975.338843 998.086777 0.000000 
101.607086 237 973.827004 999.113924 0.000000 
102.200783 242 974.268595 999.272727 0.000000 
102.305914 241 974.385892 998.829876 0.000000 
103.004854 254 974.433071 997.925197 0.000000 
102.709542 243 975.444444 998.810700 0.000000 
103.301742 248 974.411290 999.032258 0.000000 
103.408172 253 974.490119 999.059289 0.000000 
104.106916 270 973.911111 999.007407 0.000000 
103.812331 243 974.543210 998.399177 0.000000 
104.403065 248 974.145161 999.201613 0.000000 
104.510765 240 973.495833 999.133333 0.000000 
105.209315 244 973.565574 999.459016 0.000000 
104.915442 242 972.685950 999.888430 0.000000 
105.504739 252 972.753968 1000.126984 0.000000 
105.613683 252 972.174603 1000.738095 0.000000 
106.312041 260 972.703846 1000.657692 0.000000 
106.018866 270 970.959259 1001.911111 0.000000 
106.606754 253 973.197628 1000.418972 0.000000 
106.716915 254 973.748031 999.940945 0.000000 
107.415083 249 974.377510 999.337349 0.000000 
107.122593 248 975.298387 998.870968 0.000000 
107.709099 253 976.229249 998.517787 0.000000 
107.820453 254 975.547244 998.791339 0.000000 
108.518432 244 975.159836 999.385246 0.000000 
108.226614 240 976.712500 999.066667 0.000000 
108.811764 232 976.284483 999.754310 0.000000 
108.924286 262 977.656489 998.366412 0.000000 
109.622078 250 975.640000 999.560000 0.000000 
109.330920 258 975.895349 998.658915 0.000000 
109.914740 256 974.605469 999.488281 0.000000 
110.028405 261 973.839080 999.049808 0.000000 
110.726013 257 973.704280 999.782101 0.000000 
110.435502 251 974.015936 999.932271 0.000000 
111.018017 258 973.127907 1000.922481 0.000000 
111.132803 255 975.078431 999.721569 0.000000 
111.830228 258 975.639535 1000.000000 0.000000 
111.540351 264 975.253788 999.996212 0.000000 
112.121586 253 975.849802 1000.110672 0.000000 
112.237471 256 976.171875 999.976563 0.000000 
112.934716 263 975.817490 999.828897 0.000000 
112.645462 272 975.698529 999.650735 0.000000 
113.225439 280 976.582143 998.732143 0.000000 
113.342402 311 976.437299 998.813505 0.000000 
114.039467 282 977.960993 998.184397 0.000000 
113.750824 301 980.229236 997.089701 0.000000 
114.329567 298 979.003356 998.023490 0.000000 
114.447586 321 980.380062 996.604361 0.000000 
115.144474 322 978.810559 997.673913 0.000000 
114.856432 317 979.548896 996.958991 0.000000 
115.433964 333 980.306306 996.441441 0.000000 
115.553018 322 980.273292 996.698758 0.000000 
116.249731 337 979.676558 996.937685 0.000000 
115.962278 346 981.315029 996.332370 0.000000 
116.538620 361 979.581717 996.941828 0.000000 
116.658690 372 982.938172 995.099462 0.000000 
117.355230 329 980.595745 995.006079 0.000000 
117.068356 338 979.961538 995.130178 0.000000 
117.643529 325 981.707692 994.609231 0.000000 
117.764596 334 982.401198 993.541916 0.000000 
118.460964 337 981.715134 994.029674 0.000000 
118.174659 333 981.522523 994.732733 0.000000 
118.748684 349 983.309456 994.455587 0.000000 
118.870728 322 981.260870 995.819876 0.000000 
119.566927 313 981.469649 995.341853 0.000000 
119.281180 331 981.247734 995.438066 0.000000 
119.854078 320 981.287500 995.881250 0.000000 
119.977081 337 982.311573 996.228487 0.000000 
120.673112 336 981.758929 995.589286 0.000000 
120.387915 363 982.462810 995.132231 0.000000 
120.959704 366 982.016393 996.270492 0.000000 
121.083649 376 983.289894 995.042553 0.000000 
121.779514 393 984.338422 995.096692 0.000000 
121.494856 374 984.406417 994.155080 0.000000 
122.065556 379 983.662269 995.269129 0.000000 
122.190425 359 984.679666 994.874652 0.000000 
122.886126 384 985.817708 994.135417 0.000000 
122.601998 374 985.069519 994.125668 0.000000 
123.171628 401 987.351621 993.164589 0.000000 
123.297405 397 987.151134 993.002519 0.000000 
123.992943 384 987.885417 992.851563 0.000000 
123.709337 388 986.744845 993.082474 0.000000 
124.277914 383 986.485640 993.120104 0.000000 
124.404582 395 986.675949 992.511392 0.000000 
125.099960 389 986.532134 992.884319 0.000000 
124.816866 398 986.125628 993.354271 0.000000 
125.384409 366 984.912568 994.683060 0.000000 
125.511952 380 983.344737 994.592105 0.000000 
126.207171 368 984.095109 993.948370 0.000000 
125.924581 382 984.397906 992.900524 0.000000 
126.491106 361 982.578947 994.116343 0.000000 
126.619509 369 984.284553 993.612466 0.000000 
127.314571 379 984.089710 993.485488 0.000000 
127.032476 374 985.609626 993.280749 0.000000 
127.598002 373 987.479893 993.075067 0.000000 
127.727248 392 987.943878 992.951531 0.000000 
128.422155 390 987.987179 992.605128 0.000000 
128.140548 384 990.247396 992.166667 0.000000 
128.705089 371 989.595687 992.504043 0.000000 
128.835166 342 987.523392 993.576023 0.000000 
129.529919 335 988.438806 993.600000 0.000000 
129.248791 338 988.156805 993.473373 0.000000 
129.812365 353 989.872521 993.252125 0.000000 
129.943257 318 986.798742 994.666667 0.000000 
130.637858 326 986.748466 995.027607 0.000000 
130.357202 278 984.125899 995.669065 0.000000 
130.919823 286 985.143357 994.758741 0.000000 
131.051517 273 984.201465 994.813187 0.000000 
131.745968 263 985.467681 994.361217 0.000000 
131.465775 248 984.616935 995.149194 0.000000 
132.027459 246 983.178862 995.373984 0.000000 
132.159941 241 984.423237 994.896266 0.000000 
132.854243 230 982.013043 996.882609 0.000000 
132.574507 221 980.995475 997.624434 0.000000 
133.135270 233 981.390558 996.523605 0.000000 
133.268526 227 982.744493 996.982379 0.000000 
133.962681 233 982.364807 997.781116 0.000000 
133.683395 229 982.056769 997.091703 0.000000 
134.243249 237 980.371308 997.510549 0.000000 
134.377267 228 979.000000 997.802632 0.000000 
135.071277 239 979.661088 996.966527 0.000000 
134.792433 248 977.879032 997.177419 0.000000 
135.351395 225 975.786667 999.413333 0.000000 
135.486162 227 974.722467 999.079295 0.000000 
136.180028 235 973.740426 998.829787 0.000000 
135.901619 241 973.609959 998.605809 0.000000 
136.459701 241 973.804979 998.751037 0.000000 
136.595205 244 974.163934 998.381148 0.000000 
137.288929 237 974.392405 998.637131 0.000000 
137.010948 242 975.508264 998.706612 0.000000 
137.568165 236 974.495763 998.415254 0.000000 
137.704394 230 975.069565 998.682609 0.000000 
138.397977 226 975.283186 998.969027 0.000000 
138.120418 230 975.234783 998.556522 0.000000 
138.676782 232 974.987069 998.413793 0.000000 
138.813724 234 974.888889 998.854701 0.000000 
139.507168 249 974.293173 997.670683 0.000000 
139.230025 240 974.462500 998.750000 0.000000 
139.785550 267 974.719101 997.288390 0.000000 
139.923193 251 974.709163 998.474104 0.000000 
140.616500 278 976.212230 997.370504 0.000000 
140.339766 265 975.256604 998.354717 0.000000 
140.894464 283 977.024735 997.752650 0.000000 
141.032798 285 975.635088 997.684211 0.000000 
141.725968 275 975.090909 997.960000 0.000000 
141.449638 262 975.347328 998.141221 0.000000 
142.003521 276 975.789855 998.210145 0.000000 
142.142534 260 974.938462 998.730769 0.000000 
142.835570 289 975.391003 997.903114 0.000000 
142.559637 264 974.250000 998.882576 0.000000 
143.112718 263 974.855513 998.771863 0.000000 
143.252400 272 974.518382 998.882353 0.000000 
143.945302 272 975.033088 998.977941 0.000000 
143.669760 278 975.424460 998.920863 0.000000 
144.222051 283 974.975265 999.321555 0.000000 
144.362391 291 976.800687 998.687285 0.000000 
145.055162 278 976.017986 999.158273 0.000000 
144.780006 282 977.265957 999.234043 0.000000 
145.331518 282 976.124113 999.436170 0.000000 
145.472506 287 976.801394 999.135889 0.000000 
146.165146 296 976.810811 999.010135 0.000000 
145.890370 295 977.522034 998.861017 0.000000 
146.441114 309 977.618123 998.621359 0.000000 
146.582741 323 978.578947 998.414861 0.000000 
147.275253 315 975.971429 998.898413 0.000000 
147.000850 309 975.705502 999.006472 0.000000 
147.550839 324 975.447531 998.734568 0.000000 
147.693094 313 975.121406 999.210863 0.000000 
148.385478 316 975.053797 999.579114 0.000000 
148.111445 323 975.266254 999.473684 0.000000 
148.660687 317 975.015773 999.570978 0.000000 
148.803562 315 974.996825 999.504762 0.000000 
149.495819 324 975.058642 999.663580 0.000000 
149.222150 334 975.670659 999.523952 0.000000 
149.770658 334 973.985030 999.916168 0.000000 
149.914142 330 974.760606 1000.106061 0.000000 
150.606275 324 974.154321 1000.108025 0.000000 
150.332964 303 974.158416 1000.521452 0.000000 
150.880748 309 974.805825 999.750809 0.000000 
151.024832 289 975.256055 1000.273356 0.000000 
151.716842 291 976.082474 999.673540 0.000000 
151.443884 282 976.709220 999.659574 0.000000 
151.990954 284 976.250000 999.257042 0.000000 
152.135630 299 977.003344 999.464883 0.000000 
152.827517 285 976.371930 999.435088 0.000000 
152.554908 296 977.040541 999.121622 0.000000 
153.101274 300 977.140000 999.446667 0.000000 
153.246533 322 976.670807 999.378882 0.000000 
153.938299 325 977.532308 999.403077 0.000000 
153.666034 320 977.553125 999.509375 0.000000 
154.211705 334 977.389222 999.631737 0.000000 
154.357539 311 977.073955 999.472669 0.000000 
155.049186 322 976.440994 999.145963 0.000000 
154.777259 320 976.371875 999.350000 0.000000 
155.322246 326 975.972393 999.085890 0.000000 
155.468646 316 975.183544 999.044304 0.000000 
156.160174 326 974.414110 998.674847 0.000000 
155.888582 319 972.250784 999.084639 0.000000 
156.432893 328 973.125000 998.600610 0.000000 
156.579852 341 973.114370 998.524927 0.000000 
157.271262 334 972.353293 998.538922 0.000000 
157.000000 347 971.587896 998.832853 0.000000 
157.543645 346 971.872832 998.413295 0.000000 
157.691154 352 970.883523 998.946023 0.000000 
158.382449 346 971.398844 998.595376 0.000000 
158.111511 343 970.696793 998.755102 0.000000 
158.654499 331 972.190332 998.347432 0.000000 
158.802550 295 972.715254 999.003390 0.000000 
159.493730 292 972.250000 999.280822 0.000000 
159.223114 295 972.240678 999.355932 0.000000 
159.765453 313 971.945687 999.166134 0.000000 
159.914039 323 971.925697 999.436533 0.000000 
160.605106 313 971.456869 999.856230 0.000000 
160.334806 316 971.408228 1000.145570 0.000000 
160.876505 336 972.047619 999.830357 0.000000 
161.025619 330 970.493939 1000.160606 0.000000 
161.716573 341 970.997067 1000.105572 0.000000 
161.446586 329 970.480243 999.990881 0.000000 
161.987654 338 972.292899 999.449704 0.000000 
162.137288 318 970.588050 1000.367925 0.000000 
162.828130 313 970.456869 1000.741214 0.000000 
162.558451 299 971.384615 1000.545151 0.000000 
163.098896 302 971.019868 1000.470199 0.000000 
163.249043 301 972.059801 1000.395349 0.000000 
163.939776 326 969.947853 1000.607362 0.000000 
163.670401 320 971.065625 1000.743750 0.000000 
164.210231 320 972.581250 1000.231250 0.000000 
164.360883 330 972.524242 999.878788 0.000000 
165.051507 335 973.904478 999.271642 0.000000 
164.782432 331 972.380665 999.187311 0.000000 
165.321656 323 972.340557 999.102167 0.000000 
165.472807 333 970.714715 999.690691 0.000000 
166.163323 321 971.535826 999.573209 0.000000 
165.894545 352 970.627841 999.616477 0.000000 
166.433170 329 971.598784 999.340426 0.000000 
166.584813 351 971.430199 999.207977 0.000000 
167.275222 342 971.029240 999.660819 0.000000 
167.006736 359 972.520891 999.114206 0.000000 
167.544770 368 971.641304 999.638587 0.000000 
167.696899 366 971.469945 999.696721 0.000000 
168.387203 359 972.470752 999.615599 0.000000 
168.119005 318 973.292453 999.616352 0.000000 
168.656456 332 974.638554 999.382530 0.000000 
168.809064 310 974.022581 999.606452 0.000000 
169.499263 300 973.796667 1000.116667 0.000000 
169.231351 304 973.072368 1000.292763 0.000000 
169.768224 306 973.679739 999.797386 0.000000 
169.921305 302 971.983444 1000.543046 0.000000 
170.611401 300 972.716667 1000.396667 0.000000 
170.343770 312 972.490385 1000.602564 0.000000 
170.880075 325 972.643077 1000.686154 0.000000 
171.033622 304 971.733553 1000.940789 0.000000 
171.723615 329 971.300912 1001.580547 0.000000 
171.456263 325 970.969231 1001.236923 0.000000 
171.992006 343 971.352770 1001.516035 0.000000 
172.146014 328 971.021341 1001.500000 0.000000 
172.835905 350 969.765714 1002.020000 0.000000 
172.568827 331 969.619335 1001.818731 0.000000 
173.104015 322 968.552795 1001.953416 0.000000 
173.258477 307 970.214984 1001.368078 0.000000 
173.948268 308 969.301948 1001.532468 0.000000 
173.681461 321 970.146417 1001.383178 0.000000 
174.216101 301 969.717608 1001.441860 0.000000 
174.371012 320 971.187500 1000.515625 0.000000 
175.060704 303 969.072607 1001.511551 0.000000 
174.794165 321 969.931464 1000.987539 0.000000 
175.328264 315 968.139683 1001.561905 0.000000 
175.483617 340 967.488235 1001.688235 0.000000 
176.173210 331 967.604230 1001.912387 0.000000 
175.906936 337 966.741840 1002.047478 0.000000 
176.440500 337 966.014837 1002.216617 0.000000 
176.596291 335 966.991045 1002.295522 0.000000 
177.285786 328 966.731707 1001.542683 0.000000 
177.019773 315 965.501587 1001.533333 0.000000 
177.552809 322 964.934783 1000.872671 0.000000 
177.709032 307 964.798046 1001.433225 0.000000 
178.398430 327 963.171254 1001.892966 0.000000 
178.132675 328 965.612805 1002.060976 0.000000 
178.665190 313 965.255591 1001.702875 0.000000 
178.821839 302 964.205298 1001.751656 0.000000 
179.511142 301 964.667774 1001.797342 0.000000 
179.245642 328 964.917683 1001.521341 0.000000 
179.777640 306 965.166667 1001.669935 0.000000 
179.934710 323 964.201238 1001.873065 0.000000 
180.623919 340 963.852941 1002.123529 0.000000 
180.358670 358 963.474860 1002.041899 0.000000 
180.890160 345 963.965217 1001.339130 0.000000 
181.047646 343 964.419825 1002.134111 0.000000 
181.736760 331 966.305136 1001.915408 0.000000 
181.471761 327 966.287462 1001.819572 0.000000 
182.002747 317 966.955836 1001.630915 0.000000 
182.160643 333 965.189189 1002.012012 0.000000 
182.849665 336 965.419643 1001.747024 0.000000 
182.584912 340 966.835294 1001.185294 0.000000 
183.115401 337 966.887240 1001.818991 0.000000 
183.273702 346 968.338150 1001.346821 0.000000 
183.962632 319 968.702194 1001.548589 0.000000 
183.698122 340 966.744118 1001.844118 0.000000 
184.228119 324 968.061728 1001.398148 0.000000 
184.386822 317 967.167192 1001.444795 0.000000 
185.075660 322 966.975155 1001.462733 0.000000 
184.811390 333 966.129129 1001.393393 0.000000 
185.340902 338 965.393491 1001.384615 0.000000 
185.500000 356 966.081461 1001.334270 0.000000 
186.188748 354 964.115819 1001.288136 0.000000 
185.924716 361 965.166205 1001.443213 0.000000 
186.453748 357 964.330532 1001.537815 0.000000 
186.613236 349 965.888252 1001.229226 0.000000 
187.301895 363 963.165289 1001.415978 0.000000 
187.038098 363 964.710744 1001.388430 0.000000 
187.566655 351 963.678063 1001.028490 0.000000 
187.726530 356 964.853933 1000.533708 0.000000 
188.415100 355 963.014085 1000.847887 0.000000 
188.151535 341 963.087977 1000.369501 0.000000 
188.679623 339 965.796460 1000.377581 0.000000 
188.839879 333 966.591592 1000.294294 0.000000 
189.528362 341 966.577713 1000.527859 0.000000 
189.265026 340 964.985294 1000.579412 0.000000 
189.792650 335 966.146269 1000.346269 0.000000 
189.953284 344 965.017442 1000.284884 0.000000 
190.641680 345 965.881159 1000.275362 0.000000 
190.378570 342 967.093567 1000.011696 0.000000 
190.905736 341 964.478006 1000.161290 0.000000 
191.330212 336 966.729167 999.857143 0.000000 
191.755052 322 966.559006 999.807453 0.000000 
191.492167 324 968.222222 1000.246914 0.000000 
192.018879 328 968.036585 1000.125000 0.000000 
192.180254 321 966.660436 1000.336449 0.000000 
192.868479 319 966.238245 1000.724138 0.000000 
192.605815 329 967.723404 1000.917933 0.000000 
193.132079 319 969.473354 1001.166144 0.000000 
193.293818 328 968.655488 1002.277439 0.000000 
193.981958 313 967.626198 1002.130990 0.000000 
193.719514 331 968.589124 1002.604230 0.000000 
194.245335 319 968.815047 1002.435737 0.000000 
194.407433 344 969.116279 1002.197674 0.000000 
195.095489 324 969.033951 1002.395062 0.000000 
194.833262 349 971.223496 1002.378223 0.000000 
195.358645 306 971.738562 1001.882353 0.000000 
195.521099 337 972.044510 1002.005935 0.000000 
196.209072 315 970.955556 1002.295238 0.000000 
195.947059 329 969.811550 1002.468085 0.000000 
196.472008 338 972.485207 1001.674556 0.000000 
196.634814 358 970.941341 1001.846369 0.000000 
197.322705 342 972.850877 1001.479532 0.000000 
197.060904 362 972.339779 1001.682320 0.000000 
197.585425 354 972.375706 1001.483051 0.000000 
197.748578 358 971.972067 1001.983240 0.000000 
198.436388 373 971.997319 1001.954424 0.000000 
198.174797 377 971.957560 1002.405836 0.000000 
198.698893 350 971.308571 1003.008571 0.000000 
198.862390 353 972.521246 1003.084986 0.000000 
199.550119 335 972.988060 1002.889552 0.000000 
199.288735 345 972.446377 1003.115942 0.000000 
199.812412 344 973.174419 1002.677326 0.000000 
199.976249 367 971.711172 1004.133515 0.000000 
200.663898 338 974.026627 1002.378698 0.000000 
200.402720 352 972.622159 1003.369318 0.000000 
200.925981 325 974.670769 1001.969231 0.000000 
201.090154 336 976.065476 1001.750000 0.000000 
201.777724 343 976.676385 1001.040816 0.000000 
201.516749 335 976.722388 1001.450746 0.000000 
202.039600 337 977.388724 1000.780415 0.000000 
202.204105 349 975.899713 1002.309456 0.000000 
202.891597 345 977.910145 1000.852174 0.000000 
202.630822 358 974.703911 1002.617318 0.000000 
203.153267 355 976.312676 1001.605634 0.000000 
203.318101 368 974.554348 1002.315217 0.000000 
204.005515 360 975.061111 1001.763889 0.000000 
203.744939 358 974.256983 1002.631285 0.000000 
204.266982 376 975.087766 1002.087766 0.000000 
204.432140 380 975.923684 1001.355263 0.000000 
205.119477 387 976.514212 1001.330749 0.000000 
204.859098 390 977.089744 1001.087179 0.000000 
205.380744 382 976.557592 1001.602094 0.000000 
205.546224 358 977.986034 1000.337989 0.000000 
206.233484 356 978.146067 1000.424157 0.000000 
205.973299 350 978.685714 999.591429 0.000000 
206.494552 352 978.909091 999.366477 0.000000 
206.660349 346 980.034682 998.569364 0.000000 
207.347534 346 980.294798 998.667630 0.000000 
207.087542 350 980.265714 999.065714 0.000000 
207.608405 363 982.573003 997.878788 0.000000 
207.774517 357 981.585434 997.941176 0.000000 
208.461627 363 982.840220 997.939394 0.000000 
208.201825 357 982.310924 997.736695 0.000000 
208.722304 349 982.163324 998.297994 0.000000 
208.888726 367 982.509537 998.267030 0.000000 
209.575762 363 982.969697 998.187328 0.000000 
209.316148 364 982.332418 998.879121 0.000000 
209.836246 382 984.489529 998.306283 0.000000 
210.002976 384 982.625000 999.692708 0.000000 
210.689938 399 986.323308 998.152882 0.000000 
210.430511 379 982.810026 998.841689 0.000000 
210.950231 380 983.586842 998.028947 0.000000 
211.117266 384 982.984375 999.492188 0.000000 
211.804155 392 985.160714 997.755102 0.000000 
211.544912 388 984.755155 997.613402 0.000000 
212.064259 392 986.058673 996.397959 0.000000 
212.231595 409 987.232274 996.672372 0.000000 
212.918412 397 985.342569 996.050378 0.000000 
212.659352 398 983.791457 997.065327 0.000000 
213.178329 400 984.235000 997.022500 0.000000 
213.345963 407 983.754300 996.914005 0.000000 
214.032708 412 984.524272 996.961165 0.000000 
213.773829 379 984.134565 997.118734 0.000000 
214.292440 411 984.836983 996.476886 0.000000 
214.460369 397 984.942065 997.075567 0.000000 
215.147043 412 986.182039 996.087379 0.000000 
214.888343 397 986.977330 996.989924 0.000000 
215.406592 376 986.005319 996.515957 0.000000 
215.574813 382 986.787958 996.976440 0.000000 
216.261416 374 985.917112 996.593583 0.000000 
216.002893 397 986.677582 996.901763 0.000000 
216.520784 416 986.927885 995.901442 0.000000 
216.689294 425 987.710588 996.425882 0.000000 
217.375827 438 986.792237 996.436073 0.000000 
217.117480 447 987.205817 996.921700 0.000000 
217.635016 440 987.654545 995.190909 0.000000 
217.803811 424 987.091981 995.799528 0.000000 
218.490274 447 987.823266 994.767338 0.000000 
218.232101 436 987.784404 995.144495 0.000000 
218.749286 439 987.296128 994.587699 0.000000 
218.918364 451 987.197339 994.611973 0.000000 
219.604759 466 988.293991 993.090129 0.000000 
219.346757 456 990.131579 993.006579 0.000000 
219.863594 455 989.749451 992.984615 0.000000 
220.032952 453 988.805740 993.017660 0.000000 
220.719279 479 989.035491 993.204593 0.000000 
220.461448 464 988.849138 993.431034 0.000000 
220.977940 480 989.410417 993.129167 0.000000 
221.147575 465 988.466667 993.918280 0.000000 
221.833834 483 989.194617 992.981366 0.000000 
221.576172 498 990.232932 993.158635 0.000000 
222.092323 478 988.556485 993.158996 0.000000 
222.262233 487 987.907598 993.195072 0.000000 
222.948425 485 989.915464 992.797938 0.000000 
222.690929 484 989.938017 992.115702 0.000000 
223.206743 482 990.856846 992.020747 0.000000 
223.376924 474 989.364979 992.059072 0.000000 
224.063049 480 990.950000 992.210417 0.000000 
223.805719 498 990.761044 993.236948 0.000000 
224.321198 451 990.638581 993.988914 0.000000 
224.491648 457 991.997812 993.849015 0.000000 
225.177708 440 990.938636 992.997727 0.000000 
224.920542 443 990.395034 993.151242 0.000000 
225.435689 451 990.212860 993.235033 0.000000 
225.606405 424 988.224057 993.459906 0.000000 
226.292399 436 988.050459 992.733945 0.000000 
226.035395 444 989.894144 993.603604 0.000000 
226.550215 467 990.089936 994.143469 0.000000 
226.721194 443 990.501129 992.690745 0.000000 
227.407124 442 989.873303 993.192308 0.000000 
227.150281 445 991.359551 992.851685 0.000000 
227.664775 452 991.630531 992.581858 0.000000 
227.836016 481 990.989605 992.405405 0.000000 
228.521881 457 989.446389 993.787746 0.000000 
228.265197 464 992.150862 994.758621 0.000000 
228.779370 464 989.217672 993.448276 0.000000 
228.950868 457 990.135667 994.065646 0.000000 
229.636670 470 989.891489 992.908511 0.000000 
229.380143 474 991.601266 992.981013 0.000000 
229.893997 481 990.513514 992.681913 0.000000 
230.065751 464 990.577586 992.493534 0.000000 
230.751490 465 988.440860 991.969892 0.000000 
230.495119 474 988.293249 991.818565 0.000000 
231.008658 474 989.527426 991.189873 0.000000 
231.180665 466 989.866953 991.639485 0.000000 
231.866341 483 990.569358 991.128364 0.000000 
231.610125 460 989.506522 991.443478 0.000000 
232.123351 473 989.784355 991.928118 0.000000 
232.295609 486 991.360082 991.189300 0.000000 
232.981222 502 992.157371 991.539841 0.000000 
232.725160 488 991.299180 990.489754 0.000000 
233.238076 515 993.128155 991.702913 0.000000 
233.410582 479 989.862213 990.791232 0.000000 
234.096134 494 990.186235 990.534413 0.000000 
233.840223 459 989.871460 991.322440 0.000000 
234.352832 457 990.102845 991.435449 0.000000 
234.525585 453 988.549669 991.200883 0.000000 
235.211075 459 989.575163 991.690632 0.000000 
234.955315 464 988.071121 990.771552 0.000000 
235.467620 464 989.243534 990.872845 0.000000 
235.640616 468 988.356838 990.895299 0.000000 
236.326046 464 990.980603 990.995690 0.000000 
236.070434 437 989.718535 991.469108 0.000000 
236.582438 468 990.961538 991.510684 0.000000 
236.755676 473 991.412262 991.279070 0.000000 
237.441045 513 993.087719 991.296296 0.000000 
237.185581 500 992.410000 990.484000 0.000000 
237.697286 522 991.973180 990.296935 0.000000 
237.870763 516 992.823643 989.375969 0.000000 
238.556073 515 992.730097 989.483495 0.000000 
238.300755 498 992.317269 989.465863 0.000000 
238.812165 498 991.263052 989.530120 0.000000 
238.985878 481 990.964657 990.216216 0.000000 
239.671129 465 989.623656 989.501075 0.000000 
239.415956 469 989.432836 989.289979 0.000000 
239.927072 477 988.876310 988.677149 0.000000 
240.101020 446 986.771300 987.733184 0.000000 
240.786212 436 987.511468 988.779817 0.000000 
240.531183 460 987.400000 986.447826 0.000000 
241.042009 437 987.929062 988.757437 0.000000 
241.216189 420 987.007143 989.126190 0.000000 
241.901323 427 987.459016 988.466042 0.000000 
241.646436 414 985.606280 987.410628 0.000000 
242.156974 404 985.160891 987.787129 0.000000 
242.331385 433 986.355658 987.487298 0.000000 
243.016460 422 985.639810 986.443128 0.000000 
242.761714 380 984.373684 988.278947 0.000000 
243.271967 365 983.824658 989.043836 0.000000 
243.446606 362 984.160221 988.522099 0.000000 
244.131624 353 984.028329 989.390935 0.000000 
243.877018 367 983.828338 987.656676 0.000000 
244.386988 359 984.401114 988.799443 0.000000 
244.816768 375 985.272000 988.200000 0.000000 
245.246814 396 985.699495 988.037879 0.000000 
245.246814 401 986.394015 987.486284 0.000000 
245.502037 432 986.636574 986.594907 0.000000 
246.187429 420 986.038095 987.233333 0.000000 
246.617112 426 987.446009 987.842723 0.000000 
246.617112 410 984.853659 987.590244 0.000000 
246.872943 410 985.651220 987.143902 0.000000 
247.558579 391 985.132992 988.570332 0.000000 
247.987903 411 984.885645 986.274939 0.000000 
247.987903 415 984.592771 986.742169 0.000000 
248.244335 416 985.502404 986.725962 0.000000 
248.930211 403 983.801489 987.270471 0.000000 
249.359179 425 984.745882 988.282353 0.000000 
249.359179 434 983.207373 986.838710 0.000000 
249.616205 457 984.614880 987.544858 0.000000 
250.302317 421 981.384798 985.456057 0.000000 
250.730931 417 981.956835 987.776978 0.000000 
250.730931 434 982.857143 987.500000 0.000000 
250.988546 458 982.065502 987.194323 0.000000 
251.674889 432 982.435185 986.847222 0.000000 
252.103153 418 981.126794 988.284689 0.000000 
252.103153 420 981.864286 987.452381 0.000000 
252.361348 414 980.840580 986.826087 0.000000 
253.047920 454 981.044053 985.977974 0.000000 
253.475837 445 980.896629 985.110112 0.000000 
253.475837 437 980.578947 985.116705 0.000000 
253.734605 450 979.802222 984.375556 0.000000 
254.421402 445 980.247191 983.325843 0.000000 
254.848975 439 980.082005 983.856492 0.000000 
254.848975 422 979.528436 985.933649 0.000000 
255.108310 423 979.061466 984.886525 0.000000 
255.795328 421 979.019002 984.589074 0.000000 
256.222560 416 979.521635 983.317308 0.000000 
256.222560 371 979.369272 986.380054 0.000000 
256.482456 356 979.525281 985.778090 0.000000 
257.169691 343 978.411079 987.472303 0.000000 
257.596584 341 978.495601 987.255132 0.000000 
257.596584 331 977.525680 987.558912 0.000000 
257.857034 338 977.322485 987.582840 0.000000 
258.544484 327 976.920489 988.437309 0.000000 
258.971041 311 976.919614 989.823151 0.000000 
258.971041 326 976.515337 988.987730 0.000000 
259.232039 309 976.987055 990.359223 0.000000 
259.919699 301 976.750831 991.368771 0.000000 
260.345924 309 976.754045 990.398058 0.000000 
260.345924 314 976.649682 989.656051 0.000000 
260.607463 306 977.284314 990.264706 0.000000 
261.295331 315 976.834921 990.019048 0.000000 
261.721226 331 976.640483 990.743202 0.000000 
261.721226 303 976.709571 991.415842 0.000000 
261.983301 322 976.673913 990.677019 0.000000 
262.671373 308 977.246753 991.149351 0.000000 
263.096940 286 976.569930 993.374126 0.000000 
263.096940 294 976.061224 993.380952 0.000000 
263.359545 286 975.702797 993.744755 0.000000 
264.047818 297 975.181818 993.686869 0.000000 
264.473061 291 975.453608 993.759450 0.000000 
264.473061 313 974.594249 992.980831 0.000000 
264.736189 310 974.903226 993.077419 0.000000 
265.424660 328 974.295732 992.591463 0.000000 
265.849582 321 974.295950 992.582555 0.000000 
265.849582 351 973.344729 991.139601 0.000000 
266.113228 320 974.831250 992.896875 0.000000 
266.801893 333 974.891892 992.561562 0.000000 
267.226496 326 974.622699 992.978528 0.000000 
267.226496 317 974.760252 992.876972 0.000000 
267.490654 310 975.180645 994.022581 0.000000 
268.179511 313 974.987220 993.412141 0.000000 
268.603797 323 974.928793 993.687307 0.000000 
268.603797 334 974.514970 992.730539 0.000000 
268.868462 329 975.009119 993.392097 0.000000 
269.557508 325 974.867692 993.292308 0.000000 
269.981481 328 974.682927 992.884146 0.000000 
269.981481 324 974.490741 993.067901 0.000000 
270.246647 318 974.496855 993.188679 0.000000 
270.935878 318 974.100629 992.707547 0.000000 
271.359540 344 973.822674 992.869186 0.000000 
271.359540 312 974.724359 993.173077 0.000000 
271.625201 328 974.164634 992.954268 0.000000 
272.314616 331 973.821752 991.848943 0.000000 
272.737969 328 973.926829 991.780488 0.000000 
272.737969 321 974.345794 992.747664 0.000000 
273.004121 343 973.895044 992.067055 0.000000 
273.693716 328 974.134146 992.487805 0.000000 
274.116763 337 974.637982 993.231454 0.000000 
274.116763 331 974.755287 993.770393 0.000000 
274.383400 355 974.769014 994.538028 0.000000 
275.073172 339 974.398230 993.179941 0.000000 
275.495916 325 974.990769 994.452308 0.000000 
275.495916 318 974.691824 993.880503 0.000000 
275.763032 319 975.520376 994.811912 0.000000 
276.452980 316 976.110759 995.313291 0.000000 
276.875423 319 976.285266 995.536050 0.000000 
276.875423 322 976.465839 995.164596 0.000000 
277.143014 322 976.158385 995.437888 0.000000 
277.833133 319 976.075235 994.846395 0.000000 
278.255278 323 975.897833 994.811146 0.000000 
278.255278 337 975.510386 994.186944 0.000000 
278.523338 326 975.950920 994.653374 0.000000 
279.213628 333 976.213213 994.687688 0.000000 
279.635477 335 976.047761 994.605970 0.000000 
279.635477 332 976.036145 994.283133 0.000000 
279.904001 337 976.068249 994.341246 0.000000 
280.594458 352 976.321023 994.170455 0.000000 
281.016014 347 976.138329 994.386167 0.000000 
281.016014 345 975.863768 993.973913 0.000000 
281.284998 358 975.840782 993.567039 0.000000 
281.975620 378 975.740741 993.335979 0.000000 
282.396884 374 975.713904 993.235294 0.000000 
282.396884 372 975.954301 994.005376 0.000000 
282.666323 369 975.807588 993.615176 0.000000 
283.357107 401 975.413965 993.294264 0.000000 
283.778082 380 976.018421 993.855263 0.000000 
283.778082 372 975.287634 992.344086 0.000000 
284.047971 359 975.612813 992.927577 0.000000 
284.738915 355 975.309859 992.715493 0.000000 
285.159604 356 975.525281 993.575843 0.000000 
285.159604 345 976.211594 994.675362 0.000000 
285.429939 348 976.402299 995.215517 0.000000 
286.121041 362 976.618785 995.837017 0.000000 
286.541446 356 976.938202 995.702247 0.000000 
286.541446 355 976.890141 995.678873 0.000000 
286.812221 347 977.161383 995.821326 0.000000 
287.503478 342 977.035088 995.350877 0.000000 
287.923601 343 976.950437 994.927114 0.000000 
287.923601 339 977.002950 995.578171 0.000000 
288.194813 338 976.988166 995.766272 0.000000 
288.886223 341 976.826979 995.609971 0.000000 
289.306066 353 976.957507 995.864023 0.000000 
289.306066 358 976.849162 995.332402 0.000000 
289.577710 352 976.633523 995.488636 0.000000 
290.269272 348 976.632184 995.471264 0.000000 
290.688837 373 976.396783 995.364611 0.000000 
290.688837 361 976.662050 995.052632 0.000000 
290.960908 375 976.813333 995.512000 0.000000 
291.652619 372 976.540323 994.365591 0.000000 
292.071909 361 977.218837 995.869806 0.000000 
292.071909 363 977.509642 995.457300 0.000000 
292.344403 367 977.267030 995.403270 0.000000 
293.036261 383 977.537859 995.394256 0.000000 
293.455278 379 977.007916 994.902375 0.000000 
293.455278 369 977.124661 994.547425 0.000000 
293.728191 360 977.405556 995.541667 0.000000 
294.420193 359 977.481894 995.793872 0.000000 
294.838939 374 977.732620 996.179144 0.000000 
294.838939 375 977.906667 996.056000 0.000000 
295.112267 366 977.849727 996.169399 0.000000 
295.804412 384 977.888021 996.385417 0.000000 
296.222889 374 977.687166 995.620321 0.000000 
296.222889 381 977.963255 996.438320 0.000000 
296.496627 378 978.253968 996.812169 0.000000 
297.188913 385 978.545455 997.101299 0.000000 
297.607124 373 978.871314 996.801609 0.000000 
297.607124 382 978.248691 996.643979 0.000000 
297.881268 374 977.446524 996.109626 0.000000 
298.573693 359 976.763231 996.206128 0.000000 
298.991639 369 977.029810 995.861789 0.000000 
298.991639 377 976.944297 995.864721 0.000000 
299.266186 368 976.872283 994.842391 0.000000 
299.958747 373 976.884718 996.029491 0.000000 
300.376431 362 977.008287 996.185083 0.000000 
300.376431 358 977.002793 996.351955 0.000000 
300.651376 361 976.861496 995.362881 0.000000 
301.344072 370 977.575676 996.383784 0.000000 
301.761495 374 977.131016 994.836898 0.000000 
301.761495 381 977.412073 995.482940 0.000000 
302.036836 399 977.588972 994.834586 0.000000 
302.729665 399 978.180451 997.017544 0.000000 
303.146829 391 977.457801 996.810742 0.000000 
303.146829 365 977.079452 996.945205 0.000000 
303.422560 383 977.148825 997.227154 0.000000 
304.115521 344 976.831395 996.741279 0.000000 
304.532428 330 976.739394 997.000000 0.000000 
304.532428 338 976.582840 996.044379 0.000000 
304.808546 328 976.631098 996.621951 0.000000 
305.501637 333 976.669670 997.783784 0.000000 
305.918290 318 976.295597 997.198113 0.000000 
305.918290 325 976.018462 997.101538 0.000000 
306.194791 308 976.383117 997.282468 0.000000 
306.888009 306 976.166667 997.477124 0.000000 
307.304409 305 976.544262 998.360656 0.000000 
307.304409 310 976.519355 998.245161 0.000000 
307.581290 317 976.425868 997.611987 0.000000 
308.274634 316 976.392405 997.474684 0.000000 
308.690784 325 976.249231 997.086154 0.000000 
308.690784 310 975.635484 996.219355 0.000000 
308.968040 335 975.817910 996.026866 0.000000 
309.661509 330 976.384848 996.066667 0.000000 
310.077410 342 976.257310 995.371345 0.000000 
310.077410 343 975.827988 994.807580 0.000000 
310.355039 333 975.495495 993.576577 0.000000 
311.048630 324 976.518519 995.947531 0.000000 
311.464284 319 975.573668 993.836991 0.000000 
311.464284 311 975.102894 994.167203 0.000000 
311.742281 319 974.877743 992.586207 0.000000 
312.435993 313 975.063898 993.520767 0.000000 
312.851402 335 975.343284 993.023881 0.000000 
312.851402 330 975.203030 993.587879 0.000000 
313.129765 350 975.168571 992.774286 0.000000 
313.823597 346 974.751445 992.748555 0.000000 
314.238763 363 974.501377 991.625344 0.000000 
314.238763 355 974.819718 991.569014 0.000000 
314.517488 381 974.863517 991.270341 0.000000 
315.211437 360 975.205556 992.338889 0.000000 
315.626361 356 974.997191 992.233146 0.000000 
315.626361 372 975.489247 992.209677 0.000000 
315.905445 349 975.432665 993.180516 0.000000 
316.599510 351 976.168091 994.572650 0.000000 
317.014195 357 976.019608 994.056022 0.000000 
317.014195 360 976.477778 995.108333 0.000000 
317.293634 358 975.505587 995.181564 0.000000 
317.987814 351 974.914530 994.458689 0.000000 
318.402261 357 975.168067 994.058824 0.000000 
318.402261 353 975.464589 993.402266 0.000000 
318.682052 334 974.772455 993.592814 0.000000 
319.376345 332 975.138554 993.689759 0.000000 
319.790556 318 975.679245 993.940252 0.000000 
319.790556 313 975.722045 993.920128 0.000000 
320.070695 324 975.314815 992.561728 0.000000 
320.765101 310 975.867742 994.506452 0.000000 
321.179078 315 975.517460 994.015873 0.000000 
321.179078 333 975.978979 993.957958 0.000000 
321.459562 341 975.111437 993.331378 0.000000 
322.154078 338 975.825444 993.807692 0.000000 
322.567822 346 974.945087 992.364162 0.000000 
322.567822 344 975.677326 994.299419 0.000000 
322.848649 340 974.600000 992.364706 0.000000 
323.543274 346 974.040462 991.919075 0.000000 
323.956787 335 974.065672 992.934328 0.000000 
323.956787 348 973.479885 992.112069 0.000000 
324.237953 339 973.451327 992.209440 0.000000 
324.932685 344 973.895349 993.241279 0.000000 
325.345970 364 973.782967 992.304945 0.000000 
325.345970 353 974.175637 993.314448 0.000000 
325.627471 357 973.789916 993.016807 0.000000 
326.322310 358 973.804469 993.315642 0.000000 
326.735367 339 973.823009 993.351032 0.000000 
326.735367 365 974.243836 993.438356 0.000000 
327.017201 359 974.169916 993.194986 0.000000 
327.712145 371 974.881402 993.347709 0.000000 
328.124976 358 973.527933 991.793296 0.000000 
328.124976 358 973.494413 991.407821 0.000000 
328.407141 360 973.516667 991.877778 0.000000 
329.102188 357 973.644258 992.084034 0.000000 
329.514795 378 973.917989 991.642857 0.000000 
329.514795 370 974.110811 992.600000 0.000000 
329.797286 411 974.440389 991.440389 0.000000 
330.492436 377 972.843501 990.952255 0.000000 
330.904820 378 972.552910 989.817460 0.000000 
330.904820 360 972.738889 990.830556 0.000000 
331.187636 371 972.180593 991.590296 0.000000 
331.882886 344 972.970930 992.084302 0.000000 
332.295050 348 972.310345 991.373563 0.000000 
332.295050 356 972.643258 989.971910 0.000000 
332.578186 357 972.686275 990.319328 0.000000 
333.273536 379 973.757256 991.100264 0.000000 
333.685481 351 972.564103 991.381766 0.000000 
333.685481 353 972.864023 991.677054 0.000000 
333.968936 375 972.349333 991.405333 0.000000 
334.664384 384 972.041667 990.888021 0.000000 
335.076111 395 971.625316 989.929114 0.000000 
335.076111 397 972.463476 990.607053 0.000000 
335.359881 383 971.595300 990.362924 0.000000 
336.055427 379 970.815303 989.327177 0.000000 
336.466937 377 971.543767 991.450928 0.000000 
336.466937 380 970.623684 989.884211 0.000000 
336.751021 362 970.881215 991.419890 0.000000 
337.446662 371 971.008086 992.269542 0.000000 
337.857958 365 971.104110 991.608219 0.000000 
337.857958 369 970.669377 991.699187 0.000000 
338.142352 354 970.533898 991.008475 0.000000 
338.838088 355 970.647887 991.064789 0.000000 
339.249171 354 970.838983 990.124294 0.000000 
339.249171 358 970.229050 989.865922 0.000000 
339.533872 344 970.409884 990.293605 0.000000 
340.229702 362 969.917127 989.651934 0.000000 
340.640573 342 970.675439 990.447368 0.000000 
340.640573 359 970.353760 990.011142 0.000000 
340.925578 370 970.143243 989.800000 0.000000 
341.621501 365 970.238356 989.810959 0.000000 
342.032162 376 970.095745 988.893617 0.000000 
342.032162 379 969.912929 989.601583 0.000000 
342.317470 375 969.834667 988.397333 0.000000 
343.013484 374 969.794118 988.625668 0.000000 
343.423936 392 969.471939 987.857143 0.000000 
343.423936 375 970.037333 988.773333 0.000000 
343.709543 372 969.508065 988.965054 0.000000 
344.405647 369 970.504065 990.875339 0.000000 
344.815893 371 970.102426 989.083558 0.000000 
344.815893 363 970.672176 990.358127 0.000000 
345.101797 375 970.525333 990.512000 0.000000 
345.797990 373 971.093834 990.860590 0.000000 
346.208030 371 970.425876 990.385445 0.000000 
346.208030 367 970.991826 990.926431 0.000000 
346.494228 379 970.688654 991.050132 0.000000 
347.190510 381 970.446194 990.572178 0.000000 
347.600345 393 970.152672 990.274809 0.000000 
347.600345 406 970.490148 990.204433 0.000000 
347.886835 399 970.037594 990.208020 0.000000 
348.583204 411 970.377129 991.309002 0.000000 
348.992837 418 969.490431 990.535885 0.000000 
348.992837 402 969.798507 991.656716 0.000000 
349.279616 393 970.587786 991.753181 0.000000 
349.976071 374 970.000000 991.713904 0.000000 
350.385502 373 970.402145 991.568365 0.000000 
350.385502 380 970.486842 991.044737 0.000000 
350.672568 380 970.960526 991.413158 0.000000 
351.369108 384 970.861979 990.934896 0.000000 
351.778339 404 970.477723 990.150990 0.000000 
351.778339 398 969.811558 990.168342 0.000000 
352.065690 400 969.707500 989.335000 0.000000 
352.762314 412 969.526699 988.456311 0.000000 
353.171347 384 970.276042 989.802083 0.000000 
353.171347 412 970.237864 989.582524 0.000000 
353.458979 409 969.921760 989.271394 0.000000 
354.155686 407 969.825553 989.176904 0.000000 
354.564522 391 970.242967 989.524297 0.000000 
354.564522 390 969.964103 989.384615 0.000000 
354.852434 403 970.560794 989.372208 0.000000 
355.549223 382 970.261780 989.196335 0.000000 
355.957863 390 970.489744 989.025641 0.000000 
355.957863 366 970.423497 989.521858 0.000000 
356.246053 364 970.302198 989.376374 0.000000 
356.942923 376 969.922872 988.898936 0.000000 
357.351368 389 969.498715 988.467866 0.000000 
357.351368 386 969.538860 988.715026 0.000000 
357.639833 406 968.827586 987.931034 0.000000 
358.336783 407 969.670762 988.742015 0.000000 
358.745035 391 969.588235 988.575448 0.000000 
358.745035 408 969.318627 988.600490 0.000000 
359.033773 409 969.141809 987.951100 0.000000 
359.730802 424 969.639151 989.002358 0.000000 
360.138862 415 970.108434 989.216867 0.000000 
360.138862 434 970.163594 989.366359 0.000000 
360.427871 433 969.905312 989.004619 0.000000 
361.124978 449 970.155902 989.730512 0.000000 
361.532848 426 970.744131 990.882629 0.000000 
361.532848 420 971.733333 991.538095 0.000000 
361.822125 418 971.576555 990.760766 0.000000 
362.519310 411 971.922141 991.345499 0.000000 
362.926990 418 971.564593 991.437799 0.000000 
362.926990 412 972.757282 992.592233 0.000000 
363.216533 385 972.080519 991.971429 0.000000 
363.913795 389 973.107969 994.025707 0.000000 
364.321287 370 972.586486 994.127027 0.000000 
364.321287 420 971.954762 994.371429 0.000000 
364.611094 382 972.363874 993.659686 0.000000 
365.308431 429 971.932401 993.104895 0.000000 
365.715737 395 971.615190 993.311392 0.000000 
365.715737 427 971.266979 992.711944 0.000000 
366.005806 422 971.052133 993.542654 0.000000 
366.703218 437 971.292906 993.356979 0.000000 
367.110338 428 970.207944 993.331776 0.000000 
367.110338 424 970.195755 993.721698 0.000000 
367.400667 413 969.578692 993.457627 0.000000 
368.098153 394 971.083756 994.682741 0.000000 
368.505088 390 971.115385 994.382051 0.000000 
368.505088 386 970.953368 995.095855 0.000000 
368.795675 378 971.124339 995.150794 0.000000 
369.493234 388 970.703608 994.904639 0.000000 
369.899986 395 971.650633 995.843038 0.000000 
369.899986 372 971.282258 995.260753 0.000000 
370.190829 382 971.075916 995.526178 0.000000 
370.888460 389 970.840617 995.493573 0.000000 
371.295031 395 970.635443 995.741772 0.000000 
371.295031 382 970.897906 995.065445 0.000000 
371.586127 390 970.133333 994.338462 0.000000 
372.283830 380 970.039474 994.128947 0.000000 
372.690220 378 970.917989 994.640212 0.000000 
372.690220 381 971.047244 994.947507 0.000000 
372.981568 391 970.877238 994.480818 0.000000 
373.679341 397 970.783375 994.919395 0.000000 
374.085552 411 970.111922 994.863747 0.000000 
374.085552 405 970.562963 995.318519 0.000000 
374.377149 417 970.561151 995.431655 0.000000 
375.074993 438 969.970320 995.022831 0.000000 
375.481025 420 969.992857 994.673810 0.000000 
375.481025 438 970.164384 995.180365 0.000000 
375.772870 441 969.029478 993.723356 0.000000 
376.470782 428 968.976636 993.607477 0.000000 
376.876638 430 968.560465 992.567442 0.000000 
376.876638 432 968.222222 992.923611 0.000000 
377.168729 420 967.635714 991.728571 0.000000 
377.866709 406 967.879310 992.105911 0.000000 
378.272389 437 966.496568 990.707094 0.000000 
378.272389 429 967.482517 991.694639 0.000000 
378.564724 458 966.082969 989.971616 0.000000 
379.262772 444 967.389640 991.040541 0.000000 
379.668276 430 967.523256 991.000000 0.000000 
379.668276 410 968.500000 992.580488 0.000000 
379.960853 392 967.913265 991.872449 0.000000 
380.658968 399 968.365915 992.340852 0.000000 
381.064299 397 967.473552 992.037783 0.000000 
381.064299 407 967.609337 991.943489 0.000000 
381.357116 408 967.100490 991.774510 0.000000 
382.055297 420 966.371429 991.042857 0.000000 
382.460455 413 966.723971 991.493947 0.000000 
382.460455 405 966.891358 992.098765 0.000000 
382.753511 441 966.160998 991.585034 0.000000 
383.451757 416 966.995192 992.314904 0.000000 
383.856744 408 967.171569 992.198529 0.000000 
383.856744 388 966.750000 991.773196 0.000000 
384.150036 400 966.335000 991.595000 0.000000 
384.848347 420 965.930952 991.233333 0.000000 
385.253164 423 965.706856 991.146572 0.000000 
385.253164 423 965.905437 991.413712 0.000000 
385.546690 446 964.816143 990.715247 0.000000 
386.245065 427 966.622951 991.276347 0.000000 
386.649712 445 965.487640 990.548315 0.000000 
386.649712 457 965.693654 990.792123 0.000000 
386.943471 461 966.368764 990.308026 0.000000 
387.641909 467 965.858672 990.387580 0.000000 
388.046389 472 966.805085 989.116525 0.000000 
388.046389 441 967.487528 990.315193 0.000000 
388.340379 457 967.892779 989.645514 0.000000 
389.038880 452 967.528761 989.882743 0.000000 
389.443192 440 967.325000 989.550000 0.000000 
389.443192 450 967.622222 990.251111 0.000000 
389.737412 440 967.588636 990.109091 0.000000 
390.435974 483 967.554865 990.229814 0.000000 
390.840121 444 968.141892 990.042793 0.000000 
390.840121 492 967.516260 989.886179 0.000000 
391.134568 441 968.877551 990.190476 0.000000 
391.833192 480 969.241667 988.827083 0.000000 
392.237173 452 969.683628 990.309735 0.000000 
392.237173 482 969.962656 989.495851 0.000000 
392.531846 451 970.237251 989.900222 0.000000 
393.230530 435 970.027586 989.443678 0.000000 
393.634348 436 970.009174 989.827982 0.000000 
393.634348 437 969.292906 989.494279 0.000000 
393.929245 447 969.279642 989.176734 0.000000 
394.627989 457 968.787746 989.426696 0.000000 
395.031644 446 969.004484 989.230942 0.000000 
395.031644 426 969.769953 990.321596 0.000000 
395.326764 422 969.668246 990.225118 0.000000 
396.025567 404 969.960396 990.975248 0.000000 
396.429060 402 970.236318 991.022388 0.000000 
396.429060 399 970.203008 990.974937 0.000000 
396.724401 409 970.498778 990.709046 0.000000 
397.423263 403 969.833747 990.392060 0.000000 
397.826595 404 971.512376 990.163366 0.000000 
397.826595 389 970.727506 990.295630 0.000000 
398.122155 389 971.953728 990.223650 0.000000 
398.821075 391 971.171355 989.514066 0.000000 
399.224248 398 971.952261 988.927136 0.000000 
399.224248 383 971.154047 989.877285 0.000000 
399.520025 387 971.098191 989.937984 0.000000 
400.219003 386 970.401554 989.580311 0.000000 
400.622016 389 970.827763 990.069409 0.000000 
400.622016 388 969.876289 989.440722 0.000000 
400.918009 392 970.446429 989.765306 0.000000 
401.617044 394 970.220812 989.532995 0.000000 
402.019900 403 969.722084 989.898263 0.000000 
402.019900 394 971.309645 990.598985 0.000000 
402.316107 408 969.693627 989.887255 0.000000 
403.015198 393 970.819338 989.921120 0.000000 
403.417897 399 970.015038 989.523810 0.000000 
403.417897 396 969.691919 989.739899 0.000000 
403.714317 402 969.129353 989.203980 0.000000 
404.413464 370 970.221622 988.854054 0.000000 
404.816008 352 970.264205 990.542614 0.000000 
404.816008 359 970.144847 990.236769 0.000000 
405.112639 358 970.650838 990.187151 0.000000 
405.811841 375 970.394667 990.341333 0.000000 
406.214229 368 971.404891 990.326087 0.000000 
406.214229 379 971.187335 989.841689 0.000000 
406.511070 366 971.642077 990.439891 0.000000 
407.210326 384 972.656250 989.515625 0.000000 
407.612561 369 972.056911 989.899729 0.000000 
407.612561 379 972.343008 989.461741 0.000000 
407.909610 362 971.337017 990.096685 0.000000 
408.608921 382 971.725131 989.091623 0.000000 
409.011002 376 969.904255 988.803191 0.000000 
409.011002 363 970.787879 990.231405 0.000000 
409.308258 372 970.000000 989.545699 0.000000 
410.007622 368 968.793478 989.451087 0.000000 
410.409552 379 968.511873 987.672823 0.000000 
410.409552 382 968.960733 988.143979 0.000000 
410.707012 365 968.967123 988.819178 0.000000 
411.406429 370 968.797297 988.727027 0.000000 
411.808208 384 968.541667 987.377604 0.000000 
411.808208 367 970.141689 988.773842 0.000000 
412.105872 364 969.428571 989.417582 0.000000 
412.805342 369 969.577236 988.216802 0.000000 
413.206970 384 968.416667 987.442708 0.000000 
413.206970 362 969.787293 988.494475 0.000000 
413.504837 378 970.497354 987.650794 0.000000 
414.204358 344 970.851744 990.200581 0.000000 
414.605837 353 971.014164 989.283286 0.000000 
414.605837 342 970.356725 990.622807 0.000000 
414.903905 356 970.469101 989.053371 0.000000 
415.603477 353 970.563739 990.560907 0.000000 
416.004808 347 971.144092 990.449568 0.000000 
416.004808 359 970.685237 990.236769 0.000000 
416.303075 354 970.144068 990.132768 0.000000 
417.002698 370 969.229730 989.097297 0.000000 
417.403881 372 969.276882 988.543011 0.000000 
417.403881 386 967.608808 988.637306 0.000000 
417.702346 374 968.684492 988.414439 0.000000 
418.402020 386 968.088083 987.740933 0.000000 
418.803056 388 968.208763 987.762887 0.000000 
418.803056 395 966.369620 987.893671 0.000000 
419.101718 383 967.741514 988.054830 0.000000 
419.801441 367 967.863760 989.310627 0.000000 
420.202332 362 968.220994 989.138122 0.000000 
420.202332 369 969.024390 988.504065 0.000000 
420.501189 363 968.509642 988.842975 0.000000 
421.200962 354 970.011299 989.488701 0.000000 
421.601708 351 969.558405 989.182336 0.000000 
421.601708 343 969.900875 990.186589 0.000000 
421.900758 362 969.795580 989.414365 0.000000 
422.600580 362 968.759669 989.464088 0.000000 
423.001182 379 968.762533 988.525066 0.000000 
423.001182 373 968.493298 989.107239 0.000000 
423.300425 379 969.163588 989.226913 0.000000 
424.000295 387 968.005168 988.917313 0.000000 
424.400754 402 969.796020 987.756219 0.000000 
424.400754 408 969.046569 987.414216 0.000000 
424.700188 414 970.079710 987.318841 0.000000 
425.400106 429 968.491841 986.342657 0.000000 
425.800423 410 969.073171 986.219512 0.000000 
425.800423 430 968.281395 985.434884 0.000000 
426.100047 428 968.453271 986.565421 0.000000 
426.800012 432 967.865741 986.212963 0.000000 
427.200187 424 970.004717 984.558962 0.000000 
427.200187 403 969.990074 985.295285 0.000000 
427.500000 415 970.515663 984.739759 0.000000 
428.200012 406 970.940887 985.278325 0.000000 
428.600047 427 970.583138 984.126464 0.000000 
428.600047 389 971.521851 986.976864 0.000000 
428.900047 414 972.541063 985.859903 0.000000 
429.600105 398 971.293970 985.595477 0.000000 
430.000000 420 970.326190 983.709524 0.000000 
430.000000 404 970.834158 984.393564 0.000000 
430.300186 404 971.279703 984.641089 0.000000 
431.000290 405 971.125926 984.212346 0.000000 
431.400046 413 972.147700 984.319613 0.000000 
431.400046 409 971.951100 984.400978 0.000000 
431.700417 415 971.718072 983.959036 0.000000 
432.400567 418 971.265550 983.083732 0.000000 
432.800185 440 971.452273 981.781818 0.000000 
432.800185 442 971.604072 981.938914 0.000000 
433.100739 443 971.573363 980.765237 0.000000 
433.800934 434 971.518433 981.682028 0.000000 
434.200415 466 971.944206 979.806867 0.000000 
434.200415 449 971.636971 980.665924 0.000000 
434.501151 465 971.105376 979.615054 0.000000 
435.201390 479 971.866388 979.283925 0.000000 
435.600735 481 971.875260 979.095634 0.000000 
435.600735 514 972.161479 978.575875 0.000000 
435.901652 498 972.126506 977.194779 0.000000 
436.601935 492 971.758130 978.382114 0.000000 
437.001144 521 972.723608 976.209213 0.000000 
437.001144 515 972.258252 977.996117 0.000000 
437.302241 480 972.916667 979.929167 0.000000 
438.002568 467 972.698073 979.663812 0.000000 
438.401642 508 973.098425 978.438976 0.000000 
438.401642 482 972.798755 979.506224 0.000000 
438.702918 505 973.227723 979.128713 0.000000 
439.403289 497 973.156942 977.865191 0.000000 
439.802228 488 972.598361 978.991803 0.000000 
439.802228 463 972.874730 980.710583 0.000000 
440.103681 449 972.688196 980.857461 0.000000 
440.804095 423 972.297872 982.054374 0.000000 
441.202901 448 972.752232 980.125000 0.000000 
441.202901 414 972.041063 981.671498 0.000000 
441.504530 409 972.166259 981.068460 0.000000 
442.204986 416 971.415865 979.954327 0.000000 
442.603660 421 971.323040 979.192399 0.000000 
442.603660 436 971.091743 977.658257 0.000000 
442.905464 443 971.611738 978.483070 0.000000 
443.605963 443 970.948081 978.232506 0.000000 
444.004504 457 971.105033 978.050328 0.000000 
444.004504 483 970.478261 976.093168 0.000000 
444.306482 458 971.574236 978.296943 0.000000 
445.007022 485 971.725773 975.742268 0.000000 
445.405433 478 971.926778 976.205021 0.000000 
445.405433 507 972.994083 975.504931 0.000000 
445.707584 476 971.882353 976.359244 0.000000 
446.408165 490 972.500000 976.822449 0.000000 
446.806446 491 972.594705 975.800407 0.000000 
446.806446 495 972.159596 976.096970 0.000000 
447.108768 501 972.235529 975.349301 0.000000 
447.809390 487 971.597536 977.195072 0.000000 
448.207541 503 971.343936 976.143141 0.000000 
448.207541 488 971.672131 976.858607 0.000000 
448.510033 502 972.081673 975.958167 0.000000 
449.210697 478 972.110879 978.422594 0.000000 
449.608719 489 971.997955 976.869121 0.000000 
449.608719 474 971.706751 976.592827 0.000000 
449.911380 497 971.672032 975.382294 0.000000 
450.612084 510 971.882353 974.068627 0.000000 
451.009978 519 972.556840 973.976879 0.000000 
451.009978 517 972.611219 973.998066 0.000000 
451.312807 551 973.297641 972.660617 0.000000 
452.013551 538 973.328996 973.511152 0.000000 
452.411317 523 972.946463 975.177820 0.000000 
452.411317 515 973.417476 974.900971 0.000000 
452.714314 519 973.724470 975.335260 0.000000 
453.415097 532 973.221805 973.738722 0.000000 
453.812737 505 972.845545 976.611881 0.000000 
453.812737 498 972.122490 975.971888 0.000000 
454.115899 497 972.032193 977.464789 0.000000 
454.816721 485 972.125773 977.043299 0.000000 
455.214235 507 971.652860 976.465483 0.000000 
455.214235 496 971.838710 976.391129 0.000000 
455.517563 517 971.742747 976.313346 0.000000 
456.218424 461 972.505423 978.902386 0.000000 
456.615812 498 972.638554 977.305221 0.000000 
456.615812 447 972.554810 980.080537 0.000000 
456.919304 452 972.185841 980.599558 0.000000 
457.620203 455 972.202198 979.876923 0.000000 
458.017467 450 972.344444 980.048889 0.000000 
458.017467 440 972.956818 981.118182 0.000000 
458.321121 441 971.938776 980.566893 0.000000 
459.022058 421 971.289786 981.722090 0.000000 
459.419199 421 970.814727 982.080760 0.000000 
459.419199 412 971.740291 982.206311 0.000000 
459.723014 415 971.563855 982.626506 0.000000 
460.423989 407 971.970516 984.061425 0.000000 
460.821006 398 972.545226 984.384422 0.000000 
460.821006 409 973.777506 984.643032 0.000000 
461.124983 386 972.608808 984.945596 0.000000 
461.825995 406 972.610837 983.487685 0.000000 
462.222890 382 971.903141 984.623037 0.000000 
462.222890 400 971.025000 983.102500 0.000000 
462.527026 396 971.585859 983.300505 0.000000 
463.228076 411 971.029197 982.472019 0.000000 
463.624848 394 971.439086 983.271574 0.000000 
463.624848 418 970.169856 981.909091 0.000000 
463.929143 401 971.129676 983.082294 0.000000 
464.630229 424 971.176887 981.995283 0.000000 
465.026881 430 971.611628 981.079070 0.000000 
465.026881 447 971.854586 980.096197 0.000000 
465.331334 435 973.328736 981.432184 0.000000 
466.032456 435 973.786207 982.567816 0.000000 
466.428987 416 973.144231 982.206731 0.000000 
466.428987 433 973.304850 981.494226 0.000000 
466.733596 420 973.319048 982.678571 0.000000 
467.434755 436 973.240826 981.610092 0.000000 
467.831166 425 973.157647 982.816471 0.000000 
467.831166 435 973.197701 981.889655 0.000000 
468.135931 431 973.517401 982.276102 0.000000 
468.837125 444 974.313063 980.810811 0.000000 
469.233417 433 974.099307 982.360277 0.000000 
469.233417 423 974.437352 982.803783 0.000000 
469.538337 423 974.408983 982.574468 0.000000 
470.239567 429 974.743590 981.969697 0.000000 
470.635740 429 974.254079 982.643357 0.000000 
470.635740 417 974.671463 982.997602 0.000000 
470.940814 426 974.673709 982.530516 0.000000 
471.642078 422 974.945498 982.459716 0.000000 
472.038134 428 974.939252 982.250000 0.000000 
472.038134 422 975.270142 982.123223 0.000000 
472.343360 431 975.563805 981.030162 0.000000 
473.044660 413 975.331719 982.837772 0.000000 
473.440598 422 975.635071 981.545024 0.000000 
473.440598 414 975.135266 982.671498 0.000000 
473.745976 435 975.282759 980.974713 0.000000 
474.447310 425 975.101176 982.150588 0.000000 
474.843132 426 974.894366 982.136150 0.000000 
474.843132 420 975.007143 982.430952 0.000000 
475.148661 429 975.193473 981.372960 0.000000 
475.850029 426 975.053991 982.230047 0.000000 
476.245735 419 974.680191 983.723150 0.000000 
476.245735 432 974.458333 983.069444 0.000000 
476.551414 431 974.433875 983.438515 0.000000 
477.252816 425 974.435294 983.527059 0.000000 
477.648406 436 974.259174 983.034404 0.000000 
477.648406 445 974.031461 982.460674 0.000000 
477.954234 441 974.151927 982.659864 0.000000 
478.655670 453 974.081678 981.827815 0.000000 
479.051145 437 974.379863 982.537757 0.000000 
479.051145 424 974.457547 983.403302 0.000000 
479.357122 414 974.294686 984.541063 0.000000 
480.058590 411 974.569343 984.413625 0.000000 
480.453952 408 974.512255 984.769608 0.000000 
480.453952 417 974.477218 984.316547 0.000000 
480.760075 414 974.224638 984.874396 0.000000 
481.461577 419 975.009547 983.281623 0.000000 
481.856825 408 974.250000 985.333333 0.000000 
481.856825 405 974.906173 984.582716 0.000000 
482.163095 397 974.984887 985.254408 0.000000 
482.864629 396 974.719697 985.858586 0.000000 
483.259765 411 974.513382 985.209246 0.000000 
483.259765 390 974.600000 986.725641 0.000000 
483.566180 381 974.286089 987.787402 0.000000 
484.267746 377 974.148541 988.217507 0.000000 
484.662769 387 973.405685 988.519380 0.000000 
484.662769 380 973.631579 988.781579 0.000000 
484.969329 402 972.778607 988.674129 0.000000 
485.670928 387 973.124031 989.217054 0.000000 
486.065839 412 972.206311 989.109223 0.000000 
486.065839 383 973.026110 989.665796 0.000000 
486.372542 392 972.729592 989.395408 0.000000 
487.074173 388 972.739691 989.608247 0.000000 
487.468973 397 972.549118 989.493703 0.000000 
487.468973 393 972.452926 989.600509 0.000000 
487.775819 390 972.828205 989.476923 0.000000 
488.477482 383 972.986945 989.642298 0.000000 
488.872171 384 972.843750 989.677083 0.000000 
488.872171 380 972.957895 989.731579 0.000000 
489.179159 373 973.128686 989.879357 0.000000 
489.880853 369 973.249322 989.861789 0.000000 
490.275433 372 973.029570 989.760753 0.000000 
490.275433 381 972.393701 989.561680 0.000000 
490.582562 383 972.258486 989.556136 0.000000 
491.284286 383 972.167102 989.597911 0.000000 
491.678757 388 972.146907 989.198454 0.000000 
491.678757 372 972.787634 989.755376 0.000000 
491.986026 394 971.880711 988.969543 0.000000 
492.687781 386 972.209845 989.347150 0.000000 
493.082143 400 971.492500 989.250000 0.000000 
493.082143 373 972.638070 989.509383 0.000000 
493.389552 378 972.399471 989.232804 0.000000 
494.091338 384 971.958333 989.020833 0.000000 
494.485591 378 972.246032 989.190476 0.000000 
494.485591 380 972.207895 988.939474 0.000000 
494.793139 383 971.791123 989.125326 0.000000 
495.494955 373 972.512064 989.206434 0.000000 
495.889101 371 972.563342 989.150943 0.000000 
495.889101 383 972.075718 988.785901 0.000000 
496.196786 376 972.531915 988.992021 0.000000 
496.898632 385 972.028571 988.810390 0.000000 
497.292670 382 972.269634 988.845550 0.000000 
497.292670 382 972.104712 988.767016 0.000000 
497.600492 379 972.277045 988.857520 0.000000 
498.302368 382 971.952880 989.015707 0.000000 
498.696300 370 972.421622 989.443243 0.000000 
498.696300 362 973.306630 989.588398 0.000000 
499.004258 361 973.288089 989.775623 0.000000 
499.706164 359 973.259053 990.091922 0.000000 
500.099990 365 973.013699 989.695890 0.000000 
500.099990 367 972.732970 990.019074 0.000000 
500.408083 364 972.934066 989.890110 0.000000 
501.110018 376 972.287234 989.957447 0.000000 
501.503739 359 973.278552 989.913649 0.000000 
501.503739 361 973.313019 989.670360 0.000000 
501.811967 352 973.713068 989.991477 0.000000 
502.513930 367 973.062670 989.689373 0.000000 
502.907546 366 973.049180 989.825137 0.000000 
502.907546 373 972.568365 989.672922 0.000000 
503.215908 378 972.661376 989.925926 0.000000 
503.917900 365 973.180822 990.150685 0.000000 
504.311412 385 972.197403 990.148052 0.000000 
504.311412 371 973.056604 990.150943 0.000000 
504.619906 396 971.676768 989.883838 0.000000 
505.321927 384 972.809896 989.859375 0.000000 
505.715335 383 972.723238 990.099217 0.000000 
505.715335 380 972.973684 989.878947 0.000000 
506.023962 387 972.514212 989.599483 0.000000 
506.726011 387 973.064599 989.806202 0.000000 
507.119315 375 973.488000 989.904000 0.000000 
507.119315 380 973.123684 990.076316 0.000000 
507.428074 390 972.664103 990.217949 0.000000 
508.130151 393 972.781170 989.791349 0.000000 
508.523352 395 972.298734 990.194937 0.000000 
508.523352 392 972.321429 990.525510 0.000000 
508.832242 407 971.488943 990.014742 0.000000 
509.534346 389 972.231362 990.257069 0.000000 
509.927446 423 970.404255 989.782506 0.000000 
509.927446 401 971.860349 989.932668 0.000000 
510.236465 418 970.851675 989.578947 0.000000 
510.938597 416 971.461538 989.795673 0.000000 
511.331595 437 970.450801 989.778032 0.000000 
511.331595 431 971.136891 989.494200 0.000000 
511.640743 434 970.760369 989.513825 0.000000 
512.342903 414 972.084541 989.567633 0.000000 
512.735799 417 972.189448 989.580336 0.000000 
512.735799 424 972.014151 989.370283 0.000000 
513.045076 419 972.646778 989.081146 0.000000 
513.747263 432 972.219907 989.416667 0.000000 
514.140059 437 972.411899 989.283753 0.000000 
514.140059 451 972.028825 989.749446 0.000000 
514.449463 445 972.483146 989.534831 0.000000 
515.151677 448 972.236607 989.294643 0.000000 
515.544372 439 972.548975 989.510251 0.000000 
515.544372 454 972.008811 989.297357 0.000000 
515.853904 471 971.636943 989.176221 0.000000 
516.556144 447 972.102908 989.082774 0.000000 
516.948740 470 971.712766 988.725532 0.000000 
516.948740 484 971.371901 988.898760 0.000000 
517.258398 472 971.578390 988.809322 0.000000 
517.960665 500 971.098000 988.654000 0.000000 
518.353161 481 971.345114 988.889813 0.000000 
518.353161 497 970.943662 989.054326 0.000000 
518.662945 481 970.893971 988.569647 0.000000 
519.365238 504 970.640873 988.779762 0.000000 
519.757636 480 970.950000 988.275000 0.000000 
519.757636 459 971.335512 987.952070 0.000000 
520.067544 465 971.322581 987.610753 0.000000 
520.769863 461 971.629067 988.700651 0.000000 
521.162163 424 972.716981 988.415094 0.000000 
521.162163 435 972.363218 987.882759 0.000000 
521.472195 426 972.178404 987.798122 0.000000 
522.174540 435 972.758621 987.898851 0.000000 
522.566742 418 973.301435 988.236842 0.000000 
522.566742 451 972.587583 987.878049 0.000000 
522.876898 433 972.600462 987.743649 0.000000 
523.579268 433 973.143187 987.658199 0.000000 
523.971373 427 972.995316 987.896956 0.000000 
523.971373 434 972.778802 988.025346 0.000000 
524.281651 434 972.622120 988.032258 0.000000 
524.984047 460 972.265217 987.632609 0.000000 
525.376056 459 971.943355 988.084967 0.000000 
525.376056 446 972.378924 988.291480 0.000000 
525.686456 472 971.798729 987.862288 0.000000 
526.388877 467 972.218415 987.794433 0.000000 
526.780789 501 970.944112 987.277445 0.000000 
526.780789 462 972.339827 987.692641 0.000000 
527.091311 484 971.911157 987.710744 0.000000 
527.793757 460 972.158696 988.036957 0.000000 
528.185573 468 971.752137 987.829060 0.000000 
528.185573 462 972.030303 987.822511 0.000000 
528.496216 461 972.321041 987.937093 0.000000 
529.198687 447 971.812081 988.089485 0.000000 
529.590408 466 971.006438 987.819742 0.000000 
529.590408 457 971.074398 988.089716 0.000000 
529.901170 455 971.125275 988.079121 0.000000 
530.603666 469 970.159915 987.993603 0.000000 
530.995292 439 971.068337 988.706150 0.000000 
530.995292 456 969.682018 988.410088 0.000000 
531.306174 440 970.638636 988.638636 0.000000 
532.008694 460 969.693478 989.150000 0.000000 
532.400225 442 970.352941 989.300905 0.000000 
532.400225 477 968.949686 989.092243 0.000000 
532.711226 454 969.768722 989.636564 0.000000 
533.413770 456 969.953947 989.004386 0.000000 
533.805208 454 970.077093 989.370044 0.000000 
533.805208 465 969.800000 989.397849 0.000000 
534.116326 455 969.876923 989.008791 0.000000 
534.818895 450 969.897778 989.040000 0.000000 
535.210239 464 968.993534 988.465517 0.000000 
535.210239 447 969.964206 988.995526 0.000000 
535.521475 460 969.306522 988.613043 0.000000 
536.224067 433 970.441109 989.695150 0.000000 
536.615318 448 969.377232 989.433036 0.000000 
536.615318 423 970.338061 989.879433 0.000000 
536.926671 427 970.386417 989.536300 0.000000 
537.629287 420 970.714286 989.466667 0.000000 
538.020446 446 969.327354 988.748879 0.000000 
538.020446 435 970.121839 989.519540 0.000000 
538.331914 439 970.455581 989.346241 0.000000 
539.034554 424 970.813679 989.445755 0.000000 
539.425620 438 971.066210 989.835616 0.000000 
539.425620 430 971.213953 989.967442 0.000000 
539.737205 447 971.319911 989.420582 0.000000 
540.439867 434 971.080645 989.790323 0.000000 
540.830842 433 970.905312 989.083141 0.000000 
540.830842 459 970.034858 988.943355 0.000000 
541.142541 466 969.884120 988.806867 0.000000 
541.845227 442 970.511312 989.251131 0.000000 
542.236111 446 970.087444 988.930493 0.000000 
542.236111 450 970.222222 989.011111 0.000000 
542.547924 458 970.150655 988.893013 0.000000 
543.250633 445 970.053933 988.806742 0.000000 
543.641426 436 970.896789 989.116972 0.000000 
543.641426 444 971.069820 988.880631 0.000000 
543.953353 448 970.689732 988.526786 0.000000 
544.656084 438 971.041096 988.118721 0.000000 
545.046787 433 970.748268 988.009238 0.000000 
545.046787 432 970.245370 987.287037 0.000000 
545.358827 432 970.034722 987.027778 0.000000 
546.061581 430 970.586047 987.516279 0.000000 
546.452194 455 970.400000 987.248352 0.000000 
546.452194 433 969.602771 987.237875 0.000000 
546.764346 430 970.769767 988.116279 0.000000 
547.467122 447 970.722595 988.478747 0.000000 
547.857646 440 970.418182 988.095455 0.000000 
547.857646 432 970.699074 987.949074 0.000000 
548.169910 439 970.330296 988.271071 0.000000 
548.872708 446 969.845291 987.650224 0.000000 
549.263143 439 970.772210 988.148064 0.000000 
549.263143 432 970.326389 988.233796 0.000000 
549.575518 427 971.091335 988.618267 0.000000 
550.278339 427 971.133489 988.915691 0.000000 
550.668684 421 971.323040 988.691211 0.000000 
550.668684 421 971.425178 988.270784 0.000000 
550.981170 419 971.689737 988.649165 0.000000 
551.684013 442 971.160633 988.088235 0.000000 
552.074270 425 971.896471 988.630588 0.000000 
552.074270 445 971.728090 988.602247 0.000000 
552.386866 431 971.535963 988.621810 0.000000 
553.089731 428 971.633178 988.936916 0.000000 
553.479900 426 971.647887 988.887324 0.000000 
553.479900 446 970.923767 988.434978 0.000000 
553.792606 433 971.189376 989.090069 0.000000 
554.495491 432 971.087963 989.432870 0.000000 
554.885574 437 970.235698 988.691076 0.000000 
554.885574 433 970.494226 989.016166 0.000000 
555.198388 436 970.646789 988.965596 0.000000 
555.901295 429 970.286713 988.713287 0.000000 
556.291291 455 969.701099 988.610989 0.000000 
556.291291 459 970.191721 989.015251 0.000000 
556.604213 451 970.199557 988.778271 0.000000 
557.307142 476 969.611345 988.283613 0.000000 
557.697050 471 969.942675 988.481953 0.000000 
557.697050 466 969.693133 988.100858 0.000000 
558.010081 486 969.181070 987.934156 0.000000 
558.713030 492 969.388211 987.955285 0.000000 
559.102853 501 969.137725 987.265469 0.000000 
559.102853 504 969.478175 987.119048 0.000000 
559.415990 500 969.030000 986.922000 0.000000 
560.118961 491 970.242363 987.698574 0.000000 
560.508698 482 970.365145 987.443983 0.000000 
560.508698 485 969.534021 987.072165 0.000000 
560.821941 459 970.718954 987.241830 0.000000 
561.524933 455 970.890110 986.940659 0.000000 
561.914584 461 970.902386 986.327549 0.000000 
561.914584 465 970.301075 985.825806 0.000000 
562.227934 473 971.164905 986.424947 0.000000 
562.930946 442 971.199095 986.764706 0.000000 
563.320513 443 971.835214 986.963883 0.000000 
563.320513 447 972.082774 986.630872 0.000000 
563.633968 453 972.527594 987.028698 0.000000 
564.337000 470 972.157447 986.404255 0.000000 
564.726482 463 972.617711 987.207343 0.000000 
564.726482 449 972.730512 988.242762 0.000000 
565.040043 467 972.862955 987.274090 0.000000 
565.743095 436 973.057339 987.997706 0.000000 
566.132493 451 973.002217 987.383592 0.000000 
566.132493 434 973.232719 987.993088 0.000000 
566.446158 461 973.106291 987.483731 0.000000 
567.149231 433 973.413395 988.473441 0.000000 
567.538545 456 973.160088 987.563596 0.000000 
567.538545 423 973.442080 988.453901 0.000000 
567.852314 415 973.342169 988.872289 0.000000 
568.555406 412 973.584951 988.813107 0.000000 
568.944637 412 973.451456 989.383495 0.000000 
568.944637 397 973.770781 989.453401 0.000000 
569.258509 391 973.813299 989.450128 0.000000 
569.961622 393 973.854962 989.544529 0.000000 
570.350769 382 974.416230 989.531414 0.000000 
570.350769 388 974.216495 989.309278 0.000000 
570.664744 385 974.145455 989.361039 0.000000 
571.367876 388 973.760309 989.422680 0.000000 
571.756941 391 973.772379 989.148338 0.000000 
571.756941 389 973.832905 989.143959 0.000000 
572.071018 391 973.549872 989.158568 0.000000 
572.774170 393 973.648855 988.687023 0.000000 
573.163153 394 973.459391 989.096447 0.000000 
573.163153 396 973.500000 988.883838 0.000000 
573.477332 422 973.345972 987.973934 0.000000 
574.180503 392 973.515306 988.880102 0.000000 
