4.242641 20 1002.000000 1002.000000 0.000000 
4.242641 17 1002.000000 1002.000000 0.000000 
5.656854 30 1002.000000 1002.000000 0.000000 
5.656854 20 1002.000000 1002.000000 0.000000 
7.071068 28 1002.000000 1002.000000 0.000000 
7.071068 34 1002.000000 1002.000000 0.000000 
7.071068 38 1002.000000 1002.000000 0.000000 
5.656854 26 1002.000000 1002.000000 0.000000 
5.656854 17 1002.000000 1002.000000 0.000000 
5.656854 16 1002.000000 1002.000000 0.000000 
5.656854 22 1002.000000 1002.000000 0.000000 
5.656854 24 1002.000000 1002.000000 0.000000 
7.071068 40 1002.000000 1002.000000 0.000000 
7.071068 34 1002.000000 1002.000000 0.000000 
8.485281 60 1002.000000 1002.000000 0.000000 
8.485281 31 1002.000000 1002.000000 0.000000 
9.899495 39 1002.000000 1002.000000 0.000000 
9.899495 43 1002.000000 1002.000000 0.000000 
9.899495 42 1002.000000 1002.000000 0.000000 
8.485281 34 1002.000000 1002.000000 0.000000 
7.071068 24 1002.000000 1002.000000 0.000000 
8.485281 24 1002.000000 1002.000000 0.000000 
8.485281 22 1002.000000 1002.000000 0.000000 
8.485281 24 1002.000000 1002.000000 0.000000 
9.899495 40 1002.000000 1002.000000 0.000000 
9.899495 34 1002.000000 1002.000000 0.000000 
11.313708 60 1002.000000 1002.000000 0.000000 
11.313708 40 1002.000000 1002.000000 0.000000 
12.727922 56 1002.000000 1002.000000 0.000000 
12.727922 68 1002.000000 1002.000000 0.000000 
12.727922 76 1002.000000 1002.000000 0.000000 
11.313708 52 1002.000000 1002.000000 0.000000 
11.313708 34 1002.000000 1002.000000 0.000000 
11.313708 32 1002.000000 1002.000000 0.000000 
11.313708 44 1002.000000 1002.000000 0.000000 
11.313708 48 1002.000000 1002.000000 0.000000 
12.727922 80 1002.000000 1002.000000 0.000000 
12.727922 68 1002.000000 1002.000000 0.000000 
14.142136 120 1002.000000 1002.000000 0.000000 
14.142136 53 1002.000000 1002.000000 0.000000 
15.556349 61 1002.000000 1002.000000 0.000000 
15.556349 57 1002.000000 1002.000000 0.000000 
15.556349 46 1002.000000 1002.000000 0.000000 
14.142136 34 1002.000000 1002.000000 0.000000 
12.727922 24 1002.000000 1002.000000 0.000000 
14.142136 24 1002.000000 1002.000000 0.000000 
14.142136 22 1002.000000 1002.000000 0.000000 
14.142136 24 1002.000000 1002.000000 0.000000 
15.556349 40 1002.000000 1002.000000 0.000000 
15.556349 34 1002.000000 1002.000000 0.000000 
16.970563 60 1002.000000 1002.000000 0.000000 
16.970563 40 1002.000000 1002.000000 0.000000 
18.384776 56 1002.000000 1002.000000 0.000000 
18.384776 68 1002.000000 1002.000000 0.000000 
18.384776 76 1002.000000 1002.000000 0.000000 
16.970563 52 1002.000000 1002.000000 0.000000 
16.970563 34 1002.000000 1002.000000 0.000000 
16.970563 32 1002.000000 1002.000000 0.000000 
16.970563 44 1002.000000 1002.000000 0.000000 
16.970563 48 1002.000000 1002.000000 0.000000 
18.384776 80 1002.000000 1002.000000 0.000000 
18.384776 68 1002.000000 1002.000000 0.000000 
19.798990 120 1002.000000 1002.000000 0.000000 
19.798990 62 1002.000000 1002.000000 0.000000 
21.213203 78 1002.000000 1002.000000 0.000000 
21.213203 86 1002.000000 1002.000000 0.000000 
21.213203 84 1002.000000 1002.000000 0.000000 
19.798990 68 1002.000000 1002.000000 0.000000 
18.384776 48 1002.000000 1002.000000 0.000000 
19.798990 48 1002.000000 1002.000000 0.000000 
19.798990 44 1002.000000 1002.000000 0.000000 
19.798990 48 1002.000000 1002.000000 0.000000 
21.213203 80 1002.000000 1002.000000 0.000000 
21.213203 68 1002.000000 1002.000000 0.000000 
22.627417 120 1002.000000 1002.000000 0.000000 
22.627417 80 1002.000000 1002.000000 0.000000 
24.041631 112 1002.000000 1002.000000 0.000000 
24.041631 136 1002.000000 1002.000000 0.000000 
24.041631 152 1002.000000 1002.000000 0.000000 
22.627417 104 1002.000000 1002.000000 0.000000 
22.627417 68 1002.000000 1002.000000 0.000000 
22.627417 64 1002.000000 1002.000000 0.000000 
22.627417 88 1002.000000 1002.000000 0.000000 
22.627417 96 1002.000000 1002.000000 0.000000 
24.041631 160 1002.000000 1002.000000 0.000000 
24.041631 136 1002.000000 1002.000000 0.000000 
25.455844 240 1002.000000 1002.000000 0.000000 
25.455844 97 1002.000000 1002.000000 0.000000 
26.870058 105 1002.000000 1002.000000 0.000000 
26.870058 85 1002.000000 1002.000000 0.000000 
26.870058 54 1002.000000 1002.000000 0.000000 
25.455844 34 1002.000000 1002.000000 0.000000 
24.041631 24 1002.000000 1002.000000 0.000000 
25.455844 24 1002.000000 1002.000000 0.000000 
25.455844 22 1002.000000 1002.000000 0.000000 
25.455844 24 1002.000000 1002.000000 0.000000 
26.870058 40 1002.000000 1002.000000 0.000000 
26.870058 34 1002.000000 1002.000000 0.000000 
28.284271 60 1002.000000 1002.000000 0.000000 
28.284271 40 1002.000000 1002.000000 0.000000 
29.698485 56 1002.000000 1002.000000 0.000000 
29.698485 68 1002.000000 1002.000000 0.000000 
29.698485 76 1002.000000 1002.000000 0.000000 
28.284271 52 1002.000000 1002.000000 0.000000 
28.284271 34 1002.000000 1002.000000 0.000000 
28.284271 32 1002.000000 1002.000000 0.000000 
28.284271 44 1002.000000 1002.000000 0.000000 
28.284271 48 1002.000000 1002.000000 0.000000 
29.698485 80 1002.000000 1002.000000 0.000000 
29.698485 68 1002.000000 1002.000000 0.000000 
31.112698 120 1002.000000 1002.000000 0.000000 
31.112698 62 1002.000000 1002.000000 0.000000 
32.526912 78 1002.000000 1002.000000 0.000000 
32.526912 86 1002.000000 1002.000000 0.000000 
32.526912 84 1002.000000 1002.000000 0.000000 
31.112698 68 1002.000000 1002.000000 0.000000 
29.698485 48 1002.000000 1002.000000 0.000000 
31.112698 48 1002.000000 1002.000000 0.000000 
31.112698 44 1002.000000 1002.000000 0.000000 
31.112698 48 1002.000000 1002.000000 0.000000 
32.526912 80 1002.000000 1002.000000 0.000000 
32.526912 68 1002.000000 1002.000000 0.000000 
33.941125 120 1002.000000 1002.000000 0.000000 
33.941125 80 1002.000000 1002.000000 0.000000 
35.355339 112 1002.000000 1002.000000 0.000000 
35.355339 136 1002.000000 1002.000000 0.000000 
35.355339 152 1002.000000 1002.000000 0.000000 
33.941125 104 1002.000000 1002.000000 0.000000 
33.941125 68 1002.000000 1002.000000 0.000000 
33.941125 64 1002.000000 1002.000000 0.000000 
33.941125 88 1002.000000 1002.000000 0.000000 
33.941125 96 1002.000000 1002.000000 0.000000 
35.355339 160 1002.000000 1002.000000 0.000000 
35.355339 136 1002.000000 1002.000000 0.000000 
36.769553 240 1002.000000 1002.000000 0.000000 
36.769553 106 1002.000000 1002.000000 0.000000 
38.183766 122 1002.000000 1002.000000 0.000000 
38.183766 114 1002.000000 1002.000000 0.000000 
38.183766 92 1002.000000 1002.000000 0.000000 
36.769553 68 1002.000000 1002.000000 0.000000 
35.355339 48 1002.000000 1002.000000 0.000000 
36.769553 48 1002.000000 1002.000000 0.000000 
36.769553 44 1002.000000 1002.000000 0.000000 
36.769553 48 1002.000000 1002.000000 0.000000 
38.183766 80 1002.000000 1002.000000 0.000000 
38.183766 68 1002.000000 1002.000000 0.000000 
39.597980 120 1002.000000 1002.000000 0.000000 
39.597980 80 1002.000000 1002.000000 0.000000 
41.012193 112 1002.000000 1002.000000 0.000000 
41.012193 136 1002.000000 1002.000000 0.000000 
41.012193 152 1002.000000 1002.000000 0.000000 
39.597980 104 1002.000000 1002.000000 0.000000 
39.597980 68 1002.000000 1002.000000 0.000000 
39.597980 64 1002.000000 1002.000000 0.000000 
39.597980 88 1002.000000 1002.000000 0.000000 
39.597980 96 1002.000000 1002.000000 0.000000 
41.012193 160 1002.000000 1002.000000 0.000000 
41.012193 136 1002.000000 1002.000000 0.000000 
42.426407 240 1002.000000 1002.000000 0.000000 
42.426407 124 1002.000000 1002.000000 0.000000 
43.840620 156 1002.000000 1002.000000 0.000000 
43.840620 172 1002.000000 1002.000000 0.000000 
43.840620 168 1002.000000 1002.000000 0.000000 
42.426407 136 1002.000000 1002.000000 0.000000 
41.012193 96 1002.000000 1002.000000 0.000000 
42.426407 96 1002.000000 1002.000000 0.000000 
42.426407 88 1002.000000 1002.000000 0.000000 
42.426407 96 1002.000000 1002.000000 0.000000 
43.840620 160 1002.000000 1002.000000 0.000000 
43.840620 136 1002.000000 1002.000000 0.000000 
45.254834 240 1002.000000 1002.000000 0.000000 
45.254834 160 1002.000000 1002.000000 0.000000 
46.669048 224 1002.000000 1002.000000 0.000000 
46.669048 272 1002.000000 1002.000000 0.000000 
46.669048 304 1002.000000 1002.000000 0.000000 
45.254834 208 1002.000000 1002.000000 0.000000 
45.254834 136 1002.000000 1002.000000 0.000000 
45.254834 128 1002.000000 1002.000000 0.000000 
45.254834 176 1002.000000 1002.000000 0.000000 
45.254834 192 1002.000000 1002.000000 0.000000 
46.669048 320 1002.000000 1002.000000 0.000000 
46.669048 272 1002.000000 1002.000000 0.000000 
48.083261 480 1002.000000 1002.000000 0.000000 
48.083261 185 1002.000000 1002.000000 0.000000 
49.497475 193 1002.000000 1002.000000 0.000000 
49.497475 141 1002.000000 1002.000000 0.000000 
49.497475 70 1002.000000 1002.000000 0.000000 
48.083261 34 1002.000000 1002.000000 0.000000 
46.669048 24 1002.000000 1002.000000 0.000000 
48.083261 24 1002.000000 1002.000000 0.000000 
48.083261 22 1002.000000 1002.000000 0.000000 
48.083261 24 1002.000000 1002.000000 0.000000 
49.497475 40 1002.000000 1002.000000 0.000000 
49.497475 34 1002.000000 1002.000000 0.000000 
50.911688 60 1002.000000 1002.000000 0.000000 
50.911688 40 1002.000000 1002.000000 0.000000 
52.325902 56 1002.000000 1002.000000 0.000000 
52.325902 68 1002.000000 1002.000000 0.000000 
52.325902 76 1002.000000 1002.000000 0.000000 
50.911688 52 1002.000000 1002.000000 0.000000 
50.911688 34 1002.000000 1002.000000 0.000000 
50.911688 32 1002.000000 1002.000000 0.000000 
50.911688 44 1002.000000 1002.000000 0.000000 
50.911688 48 1002.000000 1002.000000 0.000000 
52.325902 80 1002.000000 1002.000000 0.000000 
52.325902 68 1002.000000 1002.000000 0.000000 
53.740115 120 1002.000000 1002.000000 0.000000 
53.740115 62 1002.000000 1002.000000 0.000000 
55.154329 78 1002.000000 1002.000000 0.000000 
55.154329 86 1002.000000 1002.000000 0.000000 
55.154329 84 1002.000000 1002.000000 0.000000 
53.740115 68 1002.000000 1002.000000 0.000000 
52.325902 48 1002.000000 1002.000000 0.000000 
53.740115 48 1002.000000 1002.000000 0.000000 
53.740115 44 1002.000000 1002.000000 0.000000 
53.740115 48 1002.000000 1002.000000 0.000000 
55.154329 80 1002.000000 1002.000000 0.000000 
55.154329 68 1002.000000 1002.000000 0.000000 
56.568542 120 1002.000000 1002.000000 0.000000 
56.568542 80 1002.000000 1002.000000 0.000000 
57.982756 112 1002.000000 1002.000000 0.000000 
57.982756 136 1002.000000 1002.000000 0.000000 
57.982756 152 1002.000000 1002.000000 0.000000 
56.568542 104 1002.000000 1002.000000 0.000000 
56.568542 68 1002.000000 1002.000000 0.000000 
56.568542 64 1002.000000 1002.000000 0.000000 
56.568542 88 1002.000000 1002.000000 0.000000 
56.568542 96 1002.000000 1002.000000 0.000000 
57.982756 160 1002.000000 1002.000000 0.000000 
57.982756 136 1002.000000 1002.000000 0.000000 
59.396970 240 1002.000000 1002.000000 0.000000 
59.396970 106 1002.000000 1002.000000 0.000000 
60.811183 122 1002.000000 1002.000000 0.000000 
60.811183 114 1002.000000 1002.000000 0.000000 
60.811183 92 1002.000000 1002.000000 0.000000 
59.396970 68 1002.000000 1002.000000 0.000000 
57.982756 48 1002.000000 1002.000000 0.000000 
59.396970 48 1002.000000 1002.000000 0.000000 
59.396970 44 1002.000000 1002.000000 0.000000 
59.396970 48 1002.000000 1002.000000 0.000000 
60.811183 80 1002.000000 1002.000000 0.000000 
60.811183 68 1002.000000 1002.000000 0.000000 
62.225397 120 1002.000000 1002.000000 0.000000 
62.225397 80 1002.000000 1002.000000 0.000000 
63.639610 112 1002.000000 1002.000000 0.000000 
63.639610 136 1002.000000 1002.000000 0.000000 
63.639610 152 1002.000000 1002.000000 0.000000 
62.225397 104 1002.000000 1002.000000 0.000000 
62.225397 68 1002.000000 1002.000000 0.000000 
62.225397 64 1002.000000 1002.000000 0.000000 
62.225397 88 1002.000000 1002.000000 0.000000 
62.225397 96 1002.000000 1002.000000 0.000000 
63.639610 160 1002.000000 1002.000000 0.000000 
63.639610 136 1002.000000 1002.000000 0.000000 
65.053824 240 1002.000000 1002.000000 0.000000 
65.053824 124 1002.000000 1002.000000 0.000000 
66.468037 156 1002.000000 1002.000000 0.000000 
66.468037 172 1002.000000 1002.000000 0.000000 
66.468037 168 1002.000000 1002.000000 0.000000 
65.053824 136 1002.000000 1002.000000 0.000000 
63.639610 96 1002.000000 1002.000000 0.000000 
65.053824 96 1002.000000 1002.000000 0.000000 
65.053824 88 1002.000000 1002.000000 0.000000 
65.053824 96 1002.000000 1002.000000 0.000000 
66.468037 160 1002.000000 1002.000000 0.000000 
66.468037 136 1002.000000 1002.000000 0.000000 
67.882251 240 1002.000000 1002.000000 0.000000 
67.882251 160 1002.000000 1002.000000 0.000000 
69.296465 224 1002.000000 1002.000000 0.000000 
69.296465 272 1002.000000 1002.000000 0.000000 
69.296465 304 1002.000000 1002.000000 0.000000 
67.882251 208 1002.000000 1002.000000 0.000000 
67.882251 136 1002.000000 1002.000000 0.000000 
67.882251 128 1002.000000 1002.000000 0.000000 
67.882251 176 1002.000000 1002.000000 0.000000 
67.882251 192 1002.000000 1002.000000 0.000000 
69.296465 320 1002.000000 1002.000000 0.000000 
69.296465 272 1002.000000 1002.000000 0.000000 
70.710678 480 1002.000000 1002.000000 0.000000 
70.710678 194 1002.000000 1002.000000 0.000000 
72.124892 210 1002.000000 1002.000000 0.000000 
72.124892 170 1002.000000 1002.000000 0.000000 
72.124892 108 1002.000000 1002.000000 0.000000 
70.710678 68 1002.000000 1002.000000 0.000000 
69.296465 48 1002.000000 1002.000000 0.000000 
70.710678 48 1002.000000 1002.000000 0.000000 
70.710678 44 1002.000000 1002.000000 0.000000 
70.710678 48 1002.000000 1002.000000 0.000000 
72.124892 80 1002.000000 1002.000000 0.000000 
72.124892 68 1002.000000 1002.000000 0.000000 
73.539105 120 1002.000000 1002.000000 0.000000 
73.539105 80 1002.000000 1002.000000 0.000000 
74.953319 112 1002.000000 1002.000000 0.000000 
74.953319 136 1002.000000 1002.000000 0.000000 
74.953319 152 1002.000000 1002.000000 0.000000 
73.539105 104 1002.000000 1002.000000 0.000000 
73.539105 68 1002.000000 1002.000000 0.000000 
73.539105 64 1002.000000 1002.000000 0.000000 
73.539105 88 1002.000000 1002.000000 0.000000 
73.539105 96 1002.000000 1002.000000 0.000000 
74.953319 160 1002.000000 1002.000000 0.000000 
74.953319 136 1002.000000 1002.000000 0.000000 
76.367532 240 1002.000000 1002.000000 0.000000 
76.367532 124 1002.000000 1002.000000 0.000000 
77.781746 156 1002.000000 1002.000000 0.000000 
77.781746 172 1002.000000 1002.000000 0.000000 
77.781746 168 1002.000000 1002.000000 0.000000 
76.367532 136 1002.000000 1002.000000 0.000000 
74.953319 96 1002.000000 1002.000000 0.000000 
76.367532 96 1002.000000 1002.000000 0.000000 
76.367532 88 1002.000000 1002.000000 0.000000 
76.367532 96 1002.000000 1002.000000 0.000000 
77.781746 160 1002.000000 1002.000000 0.000000 
77.781746 136 1002.000000 1002.000000 0.000000 
79.195959 240 1002.000000 1002.000000 0.000000 
79.195959 160 1002.000000 1002.000000 0.000000 
80.610173 224 1002.000000 1002.000000 0.000000 
80.610173 272 1002.000000 1002.000000 0.000000 
80.610173 304 1002.000000 1002.000000 0.000000 
79.195959 208 1002.000000 1002.000000 0.000000 
79.195959 136 1002.000000 1002.000000 0.000000 
79.195959 128 1002.000000 1002.000000 0.000000 
79.195959 176 1002.000000 1002.000000 0.000000 
79.195959 192 1002.000000 1002.000000 0.000000 
80.610173 320 1002.000000 1002.000000 0.000000 
80.610173 272 1002.000000 1002.000000 0.000000 
82.024387 480 1002.000000 1002.000000 0.000000 
82.024387 212 1002.000000 1002.000000 0.000000 
83.438600 244 1002.000000 1002.000000 0.000000 
83.438600 228 1002.000000 1002.000000 0.000000 
83.438600 184 1002.000000 1002.000000 0.000000 
82.024387 136 1002.000000 1002.000000 0.000000 
80.610173 96 1002.000000 1002.000000 0.000000 
82.024387 96 1002.000000 1002.000000 0.000000 
82.024387 88 1002.000000 1002.000000 0.000000 
82.024387 96 1002.000000 1002.000000 0.000000 
83.438600 160 1002.000000 1002.000000 0.000000 
83.438600 136 1002.000000 1002.000000 0.000000 
84.852814 240 1002.000000 1002.000000 0.000000 
84.852814 160 1002.000000 1002.000000 0.000000 
86.267027 224 1002.000000 1002.000000 0.000000 
86.267027 272 1002.000000 1002.000000 0.000000 
86.267027 304 1002.000000 1002.000000 0.000000 
84.852814 208 1002.000000 1002.000000 0.000000 
84.852814 136 1002.000000 1002.000000 0.000000 
84.852814 128 1002.000000 1002.000000 0.000000 
84.852814 176 1002.000000 1002.000000 0.000000 
84.852814 192 1002.000000 1002.000000 0.000000 
86.267027 320 1002.000000 1002.000000 0.000000 
86.267027 272 1002.000000 1002.000000 0.000000 
87.681241 480 1002.000000 1002.000000 0.000000 
87.681241 248 1002.000000 1002.000000 0.000000 
89.095454 312 1002.000000 1002.000000 0.000000 
89.095454 344 1002.000000 1002.000000 0.000000 
89.095454 336 1002.000000 1002.000000 0.000000 
87.681241 272 1002.000000 1002.000000 0.000000 
86.267027 192 1002.000000 1002.000000 0.000000 
87.681241 192 1002.000000 1002.000000 0.000000 
87.681241 176 1002.000000 1002.000000 0.000000 
87.681241 192 1002.000000 1002.000000 0.000000 
89.095454 320 1002.000000 1002.000000 0.000000 
89.095454 272 1002.000000 1002.000000 0.000000 
90.509668 480 1002.000000 1002.000000 0.000000 
90.509668 320 1002.000000 1002.000000 0.000000 
91.923882 448 1002.000000 1002.000000 0.000000 
91.923882 544 1002.000000 1002.000000 0.000000 
91.923882 608 1002.000000 1002.000000 0.000000 
90.509668 416 1002.000000 1002.000000 0.000000 
90.509668 272 1002.000000 1002.000000 0.000000 
90.509668 256 1002.000000 1002.000000 0.000000 
90.509668 352 1002.000000 1002.000000 0.000000 
90.509668 384 1002.000000 1002.000000 0.000000 
91.923882 640 1002.000000 1002.000000 0.000000 
91.923882 544 1002.000000 1002.000000 0.000000 
93.338095 960 1002.000000 1002.000000 0.000000 
93.338095 361 1002.000000 1002.000000 0.000000 
94.752309 369 1002.000000 1002.000000 0.000000 
94.752309 253 1002.000000 1002.000000 0.000000 
94.752309 102 1002.000000 1002.000000 0.000000 
93.338095 34 1002.000000 1002.000000 0.000000 
91.923882 24 1002.000000 1002.000000 0.000000 
93.338095 24 1002.000000 1002.000000 0.000000 
93.338095 22 1002.000000 1002.000000 0.000000 
93.338095 24 1002.000000 1002.000000 0.000000 
94.752309 40 1002.000000 1002.000000 0.000000 
94.752309 34 1002.000000 1002.000000 0.000000 
96.166522 60 1002.000000 1002.000000 0.000000 
96.166522 40 1002.000000 1002.000000 0.000000 
97.580736 56 1002.000000 1002.000000 0.000000 
97.580736 68 1002.000000 1002.000000 0.000000 
97.580736 76 1002.000000 1002.000000 0.000000 
96.166522 52 1002.000000 1002.000000 0.000000 
96.166522 34 1002.000000 1002.000000 0.000000 
96.166522 32 1002.000000 1002.000000 0.000000 
96.166522 44 1002.000000 1002.000000 0.000000 
96.166522 48 1002.000000 1002.000000 0.000000 
97.580736 80 1002.000000 1002.000000 0.000000 
97.580736 68 1002.000000 1002.000000 0.000000 
98.994949 120 1002.000000 1002.000000 0.000000 
98.994949 62 1002.000000 1002.000000 0.000000 
100.409163 78 1002.000000 1002.000000 0.000000 
100.409163 86 1002.000000 1002.000000 0.000000 
100.409163 84 1002.000000 1002.000000 0.000000 
98.994949 68 1002.000000 1002.000000 0.000000 
97.580736 48 1002.000000 1002.000000 0.000000 
98.994949 48 1002.000000 1002.000000 0.000000 
98.994949 44 1002.000000 1002.000000 0.000000 
98.994949 48 1002.000000 1002.000000 0.000000 
100.409163 80 1002.000000 1002.000000 0.000000 
100.409163 68 1002.000000 1002.000000 0.000000 
101.823376 120 1002.000000 1002.000000 0.000000 
101.823376 80 1002.000000 1002.000000 0.000000 
103.237590 112 1002.000000 1002.000000 0.000000 
103.237590 136 1002.000000 1002.000000 0.000000 
103.237590 152 1002.000000 1002.000000 0.000000 
101.823376 104 1002.000000 1002.000000 0.000000 
101.823376 68 1002.000000 1002.000000 0.000000 
101.823376 64 1002.000000 1002.000000 0.000000 
101.823376 88 1002.000000 1002.000000 0.000000 
101.823376 96 1002.000000 1002.000000 0.000000 
103.237590 160 1002.000000 1002.000000 0.000000 
103.237590 136 1002.000000 1002.000000 0.000000 
104.651804 240 1002.000000 1002.000000 0.000000 
104.651804 106 1002.000000 1002.000000 0.000000 
106.066017 122 1002.000000 1002.000000 0.000000 
106.066017 114 1002.000000 1002.000000 0.000000 
106.066017 92 1002.000000 1002.000000 0.000000 
104.651804 68 1002.000000 1002.000000 0.000000 
103.237590 48 1002.000000 1002.000000 0.000000 
104.651804 48 1002.000000 1002.000000 0.000000 
104.651804 44 1002.000000 1002.000000 0.000000 
104.651804 48 1002.000000 1002.000000 0.000000 
106.066017 80 1002.000000 1002.000000 0.000000 
106.066017 68 1002.000000 1002.000000 0.000000 
107.480231 120 1002.000000 1002.000000 0.000000 
107.480231 80 1002.000000 1002.000000 0.000000 
108.894444 112 1002.000000 1002.000000 0.000000 
108.894444 136 1002.000000 1002.000000 0.000000 
108.894444 152 1002.000000 1002.000000 0.000000 
107.480231 104 1002.000000 1002.000000 0.000000 
107.480231 68 1002.000000 1002.000000 0.000000 
107.480231 64 1002.000000 1002.000000 0.000000 
107.480231 88 1002.000000 1002.000000 0.000000 
107.480231 96 1002.000000 1002.000000 0.000000 
108.894444 160 1002.000000 1002.000000 0.000000 
108.894444 136 1002.000000 1002.000000 0.000000 
110.308658 240 1002.000000 1002.000000 0.000000 
110.308658 124 1002.000000 1002.000000 0.000000 
111.722871 156 1002.000000 1002.000000 0.000000 
111.722871 172 1002.000000 1002.000000 0.000000 
111.722871 168 1002.000000 1002.000000 0.000000 
110.308658 136 1002.000000 1002.000000 0.000000 
108.894444 96 1002.000000 1002.000000 0.000000 
110.308658 96 1002.000000 1002.000000 0.000000 
110.308658 88 1002.000000 1002.000000 0.000000 
110.308658 96 1002.000000 1002.000000 0.000000 
111.722871 160 1002.000000 1002.000000 0.000000 
111.722871 136 1002.000000 1002.000000 0.000000 
113.137085 240 1002.000000 1002.000000 0.000000 
113.137085 160 1002.000000 1002.000000 0.000000 
114.551299 224 1002.000000 1002.000000 0.000000 
114.551299 272 1002.000000 1002.000000 0.000000 
114.551299 304 1002.000000 1002.000000 0.000000 
113.137085 208 1002.000000 1002.000000 0.000000 
113.137085 136 1002.000000 1002.000000 0.000000 
113.137085 128 1002.000000 1002.000000 0.000000 
113.137085 176 1002.000000 1002.000000 0.000000 
113.137085 192 1002.000000 1002.000000 0.000000 
114.551299 320 1002.000000 1002.000000 0.000000 
114.551299 272 1002.000000 1002.000000 0.000000 
115.965512 480 1002.000000 1002.000000 0.000000 
115.965512 194 1002.000000 1002.000000 0.000000 
117.379726 210 1002.000000 1002.000000 0.000000 
117.379726 170 1002.000000 1002.000000 0.000000 
117.379726 108 1002.000000 1002.000000 0.000000 
115.965512 68 1002.000000 1002.000000 0.000000 
114.551299 48 1002.000000 1002.000000 0.000000 
115.965512 48 1002.000000 1002.000000 0.000000 
115.965512 44 1002.000000 1002.000000 0.000000 
115.965512 48 1002.000000 1002.000000 0.000000 
117.379726 80 1002.000000 1002.000000 0.000000 
117.379726 68 1002.000000 1002.000000 0.000000 
118.793939 120 1002.000000 1002.000000 0.000000 
118.793939 80 1002.000000 1002.000000 0.000000 
120.208153 112 1002.000000 1002.000000 0.000000 
120.208153 136 1002.000000 1002.000000 0.000000 
120.208153 152 1002.000000 1002.000000 0.000000 
118.793939 104 1002.000000 1002.000000 0.000000 
118.793939 68 1002.000000 1002.000000 0.000000 
118.793939 64 1002.000000 1002.000000 0.000000 
118.793939 88 1002.000000 1002.000000 0.000000 
118.793939 96 1002.000000 1002.000000 0.000000 
120.208153 160 1002.000000 1002.000000 0.000000 
120.208153 136 1002.000000 1002.000000 0.000000 
121.622366 240 1002.000000 1002.000000 0.000000 
121.622366 124 1002.000000 1002.000000 0.000000 
123.036580 156 1002.000000 1002.000000 0.000000 
123.036580 172 1002.000000 1002.000000 0.000000 
123.036580 168 1002.000000 1002.000000 0.000000 
121.622366 136 1002.000000 1002.000000 0.000000 
120.208153 96 1002.000000 1002.000000 0.000000 
121.622366 96 1002.000000 1002.000000 0.000000 
121.622366 88 1002.000000 1002.000000 0.000000 
121.622366 96 1002.000000 1002.000000 0.000000 
123.036580 160 1002.000000 1002.000000 0.000000 
123.036580 136 1002.000000 1002.000000 0.000000 
124.450793 240 1002.000000 1002.000000 0.000000 
124.450793 160 1002.000000 1002.000000 0.000000 
125.865007 224 1002.000000 1002.000000 0.000000 
125.865007 272 1002.000000 1002.000000 0.000000 
125.865007 304 1002.000000 1002.000000 0.000000 
124.450793 208 1002.000000 1002.000000 0.000000 
124.450793 136 1002.000000 1002.000000 0.000000 
124.450793 128 1002.000000 1002.000000 0.000000 
124.450793 176 1002.000000 1002.000000 0.000000 
124.450793 192 1002.000000 1002.000000 0.000000 
125.865007 320 1002.000000 1002.000000 0.000000 
125.865007 272 1002.000000 1002.000000 0.000000 
127.279221 480 1002.000000 1002.000000 0.000000 
127.279221 212 1002.000000 1002.000000 0.000000 
128.693434 244 1002.000000 1002.000000 0.000000 
128.693434 228 1002.000000 1002.000000 0.000000 
128.693434 184 1002.000000 1002.000000 0.000000 
127.279221 136 1002.000000 1002.000000 0.000000 
125.865007 96 1002.000000 1002.000000 0.000000 
127.279221 96 1002.000000 1002.000000 0.000000 
127.279221 88 1002.000000 1002.000000 0.000000 
127.279221 96 1002.000000 1002.000000 0.000000 
128.693434 160 1002.000000 1002.000000 0.000000 
128.693434 136 1002.000000 1002.000000 0.000000 
130.107648 240 1002.000000 1002.000000 0.000000 
130.107648 160 1002.000000 1002.000000 0.000000 
131.521861 224 1002.000000 1002.000000 0.000000 
131.521861 272 1002.000000 1002.000000 0.000000 
131.521861 304 1002.000000 1002.000000 0.000000 
130.107648 208 1002.000000 1002.000000 0.000000 
130.107648 136 1002.000000 1002.000000 0.000000 
130.107648 128 1002.000000 1002.000000 0.000000 
130.107648 176 1002.000000 1002.000000 0.000000 
130.107648 192 1002.000000 1002.000000 0.000000 
131.521861 320 1002.000000 1002.000000 0.000000 
131.521861 272 1002.000000 1002.000000 0.000000 
132.936075 480 1002.000000 1002.000000 0.000000 
132.936075 248 1002.000000 1002.000000 0.000000 
134.350288 312 1002.000000 1002.000000 0.000000 
134.350288 344 1002.000000 1002.000000 0.000000 
134.350288 336 1002.000000 1002.000000 0.000000 
132.936075 272 1002.000000 1002.000000 0.000000 
131.521861 192 1002.000000 1002.000000 0.000000 
132.936075 192 1002.000000 1002.000000 0.000000 
132.936075 176 1002.000000 1002.000000 0.000000 
132.936075 192 1002.000000 1002.000000 0.000000 
134.350288 320 1002.000000 1002.000000 0.000000 
134.350288 272 1002.000000 1002.000000 0.000000 
135.764502 480 1002.000000 1002.000000 0.000000 
135.764502 320 1002.000000 1002.000000 0.000000 
137.178716 448 1002.000000 1002.000000 0.000000 
137.178716 544 1002.000000 1002.000000 0.000000 
137.178716 608 1002.000000 1002.000000 0.000000 
135.764502 416 1002.000000 1002.000000 0.000000 
135.764502 272 1002.000000 1002.000000 0.000000 
135.764502 256 1002.000000 1002.000000 0.000000 
135.764502 352 1002.000000 1002.000000 0.000000 
135.764502 384 1002.000000 1002.000000 0.000000 
137.178716 640 1002.000000 1002.000000 0.000000 
137.178716 544 1002.000000 1002.000000 0.000000 
138.592929 960 1002.000000 1002.000000 0.000000 
138.592929 370 1002.000000 1002.000000 0.000000 
140.007143 386 1002.000000 1002.000000 0.000000 
140.007143 282 1002.000000 1002.000000 0.000000 
140.007143 140 1002.000000 1002.000000 0.000000 
138.592929 68 1002.000000 1002.000000 0.000000 
137.178716 48 1002.000000 1002.000000 0.000000 
138.592929 48 1002.000000 1002.000000 0.000000 
138.592929 44 1002.000000 1002.000000 0.000000 
138.592929 48 1002.000000 1002.000000 0.000000 
140.007143 80 1002.000000 1002.000000 0.000000 
140.007143 68 1002.000000 1002.000000 0.000000 
141.421356 120 1002.000000 1002.000000 0.000000 
141.421356 80 1002.000000 1002.000000 0.000000 
142.835570 112 1002.000000 1002.000000 0.000000 
142.835570 136 1002.000000 1002.000000 0.000000 
142.835570 152 1002.000000 1002.000000 0.000000 
141.421356 104 1002.000000 1002.000000 0.000000 
141.421356 68 1002.000000 1002.000000 0.000000 
141.421356 64 1002.000000 1002.000000 0.000000 
141.421356 88 1002.000000 1002.000000 0.000000 
141.421356 96 1002.000000 1002.000000 0.000000 
142.835570 160 1002.000000 1002.000000 0.000000 
142.835570 136 1002.000000 1002.000000 0.000000 
144.249783 240 1002.000000 1002.000000 0.000000 
144.249783 124 1002.000000 1002.000000 0.000000 
145.663997 156 1002.000000 1002.000000 0.000000 
145.663997 172 1002.000000 1002.000000 0.000000 
145.663997 168 1002.000000 1002.000000 0.000000 
144.249783 136 1002.000000 1002.000000 0.000000 
142.835570 96 1002.000000 1002.000000 0.000000 
144.249783 96 1002.000000 1002.000000 0.000000 
144.249783 88 1002.000000 1002.000000 0.000000 
144.249783 96 1002.000000 1002.000000 0.000000 
145.663997 160 1002.000000 1002.000000 0.000000 
145.663997 136 1002.000000 1002.000000 0.000000 
147.078210 240 1002.000000 1002.000000 0.000000 
147.078210 160 1002.000000 1002.000000 0.000000 
148.492424 224 1002.000000 1002.000000 0.000000 
148.492424 272 1002.000000 1002.000000 0.000000 
148.492424 304 1002.000000 1002.000000 0.000000 
147.078210 208 1002.000000 1002.000000 0.000000 
147.078210 136 1002.000000 1002.000000 0.000000 
147.078210 128 1002.000000 1002.000000 0.000000 
147.078210 176 1002.000000 1002.000000 0.000000 
147.078210 192 1002.000000 1002.000000 0.000000 
148.492424 320 1002.000000 1002.000000 0.000000 
148.492424 272 1002.000000 1002.000000 0.000000 
149.906638 480 1002.000000 1002.000000 0.000000 
149.906638 212 1002.000000 1002.000000 0.000000 
151.320851 244 1002.000000 1002.000000 0.000000 
151.320851 228 1002.000000 1002.000000 0.000000 
151.320851 184 1002.000000 1002.000000 0.000000 
149.906638 136 1002.000000 1002.000000 0.000000 
148.492424 96 1002.000000 1002.000000 0.000000 
149.906638 96 1002.000000 1002.000000 0.000000 
149.906638 88 1002.000000 1002.000000 0.000000 
149.906638 96 1002.000000 1002.000000 0.000000 
151.320851 160 1002.000000 1002.000000 0.000000 
151.320851 136 1002.000000 1002.000000 0.000000 
152.735065 240 1002.000000 1002.000000 0.000000 
152.735065 160 1002.000000 1002.000000 0.000000 
154.149278 224 1002.000000 1002.000000 0.000000 
154.149278 272 1002.000000 1002.000000 0.000000 
154.149278 304 1002.000000 1002.000000 0.000000 
152.735065 208 1002.000000 1002.000000 0.000000 
152.735065 136 1002.000000 1002.000000 0.000000 
152.735065 128 1002.000000 1002.000000 0.000000 
152.735065 176 1002.000000 1002.000000 0.000000 
152.735065 192 1002.000000 1002.000000 0.000000 
154.149278 320 1002.000000 1002.000000 0.000000 
154.149278 272 1002.000000 1002.000000 0.000000 
155.563492 480 1002.000000 1002.000000 0.000000 
155.563492 248 1002.000000 1002.000000 0.000000 
156.977705 312 1002.000000 1002.000000 0.000000 
156.977705 344 1002.000000 1002.000000 0.000000 
156.977705 336 1002.000000 1002.000000 0.000000 
155.563492 272 1002.000000 1002.000000 0.000000 
154.149278 192 1002.000000 1002.000000 0.000000 
155.563492 192 1002.000000 1002.000000 0.000000 
155.563492 176 1002.000000 1002.000000 0.000000 
155.563492 192 1002.000000 1002.000000 0.000000 
156.977705 320 1002.000000 1002.000000 0.000000 
156.977705 272 1002.000000 1002.000000 0.000000 
158.391919 480 1002.000000 1002.000000 0.000000 
158.391919 320 1002.000000 1002.000000 0.000000 
159.806133 448 1002.000000 1002.000000 0.000000 
159.806133 544 1002.000000 1002.000000 0.000000 
159.806133 608 1002.000000 1002.000000 0.000000 
158.391919 416 1002.000000 1002.000000 0.000000 
158.391919 272 1002.000000 1002.000000 0.000000 
158.391919 256 1002.000000 1002.000000 0.000000 
158.391919 352 1002.000000 1002.000000 0.000000 
158.391919 384 1002.000000 1002.000000 0.000000 
159.806133 640 1002.000000 1002.000000 0.000000 
159.806133 544 1002.000000 1002.000000 0.000000 
161.220346 960 1002.000000 1002.000000 0.000000 
161.220346 388 1002.000000 1002.000000 0.000000 
162.634560 420 1002.000000 1002.000000 0.000000 
162.634560 340 1002.000000 1002.000000 0.000000 
162.634560 216 1002.000000 1002.000000 0.000000 
161.220346 136 1002.000000 1002.000000 0.000000 
159.806133 96 1002.000000 1002.000000 0.000000 
161.220346 96 1002.000000 1002.000000 0.000000 
161.220346 88 1002.000000 1002.000000 0.000000 
161.220346 96 1002.000000 1002.000000 0.000000 
162.634560 160 1002.000000 1002.000000 0.000000 
162.634560 136 1002.000000 1002.000000 0.000000 
164.048773 240 1002.000000 1002.000000 0.000000 
164.048773 160 1002.000000 1002.000000 0.000000 
165.462987 224 1002.000000 1002.000000 0.000000 
165.462987 272 1002.000000 1002.000000 0.000000 
165.462987 304 1002.000000 1002.000000 0.000000 
164.048773 208 1002.000000 1002.000000 0.000000 
164.048773 136 1002.000000 1002.000000 0.000000 
164.048773 128 1002.000000 1002.000000 0.000000 
164.048773 176 1002.000000 1002.000000 0.000000 
164.048773 192 1002.000000 1002.000000 0.000000 
165.462987 320 1002.000000 1002.000000 0.000000 
165.462987 272 1002.000000 1002.000000 0.000000 
166.877200 480 1002.000000 1002.000000 0.000000 
166.877200 248 1002.000000 1002.000000 0.000000 
168.291414 312 1002.000000 1002.000000 0.000000 
168.291414 344 1002.000000 1002.000000 0.000000 
168.291414 336 1002.000000 1002.000000 0.000000 
166.877200 272 1002.000000 1002.000000 0.000000 
165.462987 192 1002.000000 1002.000000 0.000000 
166.877200 192 1002.000000 1002.000000 0.000000 
166.877200 176 1002.000000 1002.000000 0.000000 
166.877200 192 1002.000000 1002.000000 0.000000 
168.291414 320 1002.000000 1002.000000 0.000000 
168.291414 272 1002.000000 1002.000000 0.000000 
169.705627 480 1002.000000 1002.000000 0.000000 
169.705627 320 1002.000000 1002.000000 0.000000 
171.119841 448 1002.000000 1002.000000 0.000000 
171.119841 544 1002.000000 1002.000000 0.000000 
171.119841 608 1002.000000 1002.000000 0.000000 
169.705627 416 1002.000000 1002.000000 0.000000 
169.705627 272 1002.000000 1002.000000 0.000000 
169.705627 256 1002.000000 1002.000000 0.000000 
169.705627 352 1002.000000 1002.000000 0.000000 
169.705627 384 1002.000000 1002.000000 0.000000 
171.119841 640 1002.000000 1002.000000 0.000000 
171.119841 544 1002.000000 1002.000000 0.000000 
172.534055 960 1002.000000 1002.000000 0.000000 
172.534055 424 1002.000000 1002.000000 0.000000 
173.948268 488 1002.000000 1002.000000 0.000000 
173.948268 456 1002.000000 1002.000000 0.000000 
173.948268 368 1002.000000 1002.000000 0.000000 
172.534055 272 1002.000000 1002.000000 0.000000 
171.119841 192 1002.000000 1002.000000 0.000000 
172.534055 192 1002.000000 1002.000000 0.000000 
172.534055 176 1002.000000 1002.000000 0.000000 
172.534055 192 1002.000000 1002.000000 0.000000 
173.948268 320 1002.000000 1002.000000 0.000000 
173.948268 272 1002.000000 1002.000000 0.000000 
175.362482 480 1002.000000 1002.000000 0.000000 
175.362482 320 1002.000000 1002.000000 0.000000 
176.776695 448 1002.000000 1002.000000 0.000000 
176.776695 544 1002.000000 1002.000000 0.000000 
176.776695 608 1002.000000 1002.000000 0.000000 
175.362482 416 1002.000000 1002.000000 0.000000 
175.362482 272 1002.000000 1002.000000 0.000000 
175.362482 256 1002.000000 1002.000000 0.000000 
175.362482 352 1002.000000 1002.000000 0.000000 
175.362482 384 1002.000000 1002.000000 0.000000 
176.776695 640 1002.000000 1002.000000 0.000000 
176.776695 544 1002.000000 1002.000000 0.000000 
178.190909 960 1002.000000 1002.000000 0.000000 
178.190909 496 1002.000000 1002.000000 0.000000 
179.605122 624 1002.000000 1002.000000 0.000000 
179.605122 688 1002.000000 1002.000000 0.000000 
179.605122 672 1002.000000 1002.000000 0.000000 
178.190909 544 1002.000000 1002.000000 0.000000 
176.776695 384 1002.000000 1002.000000 0.000000 
178.190909 384 1002.000000 1002.000000 0.000000 
178.190909 352 1002.000000 1002.000000 0.000000 
178.190909 384 1002.000000 1002.000000 0.000000 
179.605122 640 1002.000000 1002.000000 0.000000 
179.605122 544 1002.000000 1002.000000 0.000000 
181.019336 960 1002.000000 1002.000000 0.000000 
181.019336 640 1002.000000 1002.000000 0.000000 
182.433550 896 1002.000000 1002.000000 0.000000 
182.433550 1088 1002.000000 1002.000000 0.000000 
182.433550 1216 1002.000000 1002.000000 0.000000 
181.019336 832 1002.000000 1002.000000 0.000000 
181.019336 544 1002.000000 1002.000000 0.000000 
181.019336 512 1002.000000 1002.000000 0.000000 
181.019336 704 1002.000000 1002.000000 0.000000 
181.019336 768 1002.000000 1002.000000 0.000000 
182.433550 1280 1002.000000 1002.000000 0.000000 
182.433550 1088 1002.000000 1002.000000 0.000000 
183.847763 1920 1002.000000 1002.000000 0.000000 
183.847763 713 1002.000000 1002.000000 0.000000 
185.261977 721 1002.000000 1002.000000 0.000000 
185.261977 477 1002.000000 1002.000000 0.000000 
185.261977 166 1002.000000 1002.000000 0.000000 
183.847763 34 1002.000000 1002.000000 0.000000 
182.433550 24 1002.000000 1002.000000 0.000000 
183.847763 24 1002.000000 1002.000000 0.000000 
183.847763 22 1002.000000 1002.000000 0.000000 
183.847763 24 1002.000000 1002.000000 0.000000 
185.261977 40 1002.000000 1002.000000 0.000000 
185.261977 34 1002.000000 1002.000000 0.000000 
186.676190 60 1002.000000 1002.000000 0.000000 
186.676190 40 1002.000000 1002.000000 0.000000 
188.090404 56 1002.000000 1002.000000 0.000000 
188.090404 68 1002.000000 1002.000000 0.000000 
188.090404 76 1002.000000 1002.000000 0.000000 
186.676190 52 1002.000000 1002.000000 0.000000 
186.676190 34 1002.000000 1002.000000 0.000000 
186.676190 32 1002.000000 1002.000000 0.000000 
186.676190 44 1002.000000 1002.000000 0.000000 
186.676190 48 1002.000000 1002.000000 0.000000 
188.090404 80 1002.000000 1002.000000 0.000000 
188.090404 68 1002.000000 1002.000000 0.000000 
189.504617 120 1002.000000 1002.000000 0.000000 
189.504617 62 1002.000000 1002.000000 0.000000 
190.918831 78 1002.000000 1002.000000 0.000000 
190.918831 86 1002.000000 1002.000000 0.000000 
190.918831 84 1002.000000 1002.000000 0.000000 
189.504617 68 1002.000000 1002.000000 0.000000 
188.090404 48 1002.000000 1002.000000 0.000000 
189.504617 48 1002.000000 1002.000000 0.000000 
189.504617 44 1002.000000 1002.000000 0.000000 
189.504617 48 1002.000000 1002.000000 0.000000 
190.918831 80 1002.000000 1002.000000 0.000000 
190.918831 68 1002.000000 1002.000000 0.000000 
192.333044 120 1002.000000 1002.000000 0.000000 
192.333044 80 1002.000000 1002.000000 0.000000 
193.747258 112 1002.000000 1002.000000 0.000000 
193.747258 136 1002.000000 1002.000000 0.000000 
193.747258 152 1002.000000 1002.000000 0.000000 
192.333044 104 1002.000000 1002.000000 0.000000 
192.333044 68 1002.000000 1002.000000 0.000000 
192.333044 64 1002.000000 1002.000000 0.000000 
192.333044 88 1002.000000 1002.000000 0.000000 
192.333044 96 1002.000000 1002.000000 0.000000 
193.747258 160 1002.000000 1002.000000 0.000000 
193.747258 136 1002.000000 1002.000000 0.000000 
195.161472 240 1002.000000 1002.000000 0.000000 
195.161472 106 1002.000000 1002.000000 0.000000 
196.575685 122 1002.000000 1002.000000 0.000000 
196.575685 114 1002.000000 1002.000000 0.000000 
196.575685 92 1002.000000 1002.000000 0.000000 
195.161472 68 1002.000000 1002.000000 0.000000 
193.747258 48 1002.000000 1002.000000 0.000000 
195.161472 48 1002.000000 1002.000000 0.000000 
195.161472 44 1002.000000 1002.000000 0.000000 
195.161472 48 1002.000000 1002.000000 0.000000 
196.575685 80 1002.000000 1002.000000 0.000000 
196.575685 68 1002.000000 1002.000000 0.000000 
197.989899 120 1002.000000 1002.000000 0.000000 
197.989899 80 1002.000000 1002.000000 0.000000 
199.404112 112 1002.000000 1002.000000 0.000000 
199.404112 136 1002.000000 1002.000000 0.000000 
199.404112 152 1002.000000 1002.000000 0.000000 
197.989899 104 1002.000000 1002.000000 0.000000 
197.989899 68 1002.000000 1002.000000 0.000000 
197.989899 64 1002.000000 1002.000000 0.000000 
197.989899 88 1002.000000 1002.000000 0.000000 
197.989899 96 1002.000000 1002.000000 0.000000 
199.404112 160 1002.000000 1002.000000 0.000000 
199.404112 136 1002.000000 1002.000000 0.000000 
200.818326 240 1002.000000 1002.000000 0.000000 
200.818326 124 1002.000000 1002.000000 0.000000 
202.232539 156 1002.000000 1002.000000 0.000000 
202.232539 172 1002.000000 1002.000000 0.000000 
202.232539 168 1002.000000 1002.000000 0.000000 
200.818326 136 1002.000000 1002.000000 0.000000 
199.404112 96 1002.000000 1002.000000 0.000000 
200.818326 96 1002.000000 1002.000000 0.000000 
200.818326 88 1002.000000 1002.000000 0.000000 
200.818326 96 1002.000000 1002.000000 0.000000 
202.232539 160 1002.000000 1002.000000 0.000000 
202.232539 136 1002.000000 1002.000000 0.000000 
203.646753 240 1002.000000 1002.000000 0.000000 
203.646753 160 1002.000000 1002.000000 0.000000 
205.060967 224 1002.000000 1002.000000 0.000000 
205.060967 272 1002.000000 1002.000000 0.000000 
205.060967 304 1002.000000 1002.000000 0.000000 
203.646753 208 1002.000000 1002.000000 0.000000 
203.646753 136 1002.000000 1002.000000 0.000000 
203.646753 128 1002.000000 1002.000000 0.000000 
203.646753 176 1002.000000 1002.000000 0.000000 
203.646753 192 1002.000000 1002.000000 0.000000 
205.060967 320 1002.000000 1002.000000 0.000000 
205.060967 272 1002.000000 1002.000000 0.000000 
206.475180 480 1002.000000 1002.000000 0.000000 
206.475180 194 1002.000000 1002.000000 0.000000 
207.889394 210 1002.000000 1002.000000 0.000000 
207.889394 170 1002.000000 1002.000000 0.000000 
207.889394 108 1002.000000 1002.000000 0.000000 
206.475180 68 1002.000000 1002.000000 0.000000 
205.060967 48 1002.000000 1002.000000 0.000000 
206.475180 48 1002.000000 1002.000000 0.000000 
206.475180 44 1002.000000 1002.000000 0.000000 
206.475180 48 1002.000000 1002.000000 0.000000 
207.889394 80 1002.000000 1002.000000 0.000000 
207.889394 68 1002.000000 1002.000000 0.000000 
209.303607 120 1002.000000 1002.000000 0.000000 
209.303607 80 1002.000000 1002.000000 0.000000 
210.717821 112 1002.000000 1002.000000 0.000000 
210.717821 136 1002.000000 1002.000000 0.000000 
210.717821 152 1002.000000 1002.000000 0.000000 
209.303607 104 1002.000000 1002.000000 0.000000 
209.303607 68 1002.000000 1002.000000 0.000000 
209.303607 64 1002.000000 1002.000000 0.000000 
209.303607 88 1002.000000 1002.000000 0.000000 
209.303607 96 1002.000000 1002.000000 0.000000 
210.717821 160 1002.000000 1002.000000 0.000000 
210.717821 136 1002.000000 1002.000000 0.000000 
212.132034 240 1002.000000 1002.000000 0.000000 
212.132034 124 1002.000000 1002.000000 0.000000 
213.546248 156 1002.000000 1002.000000 0.000000 
213.546248 172 1002.000000 1002.000000 0.000000 
213.546248 168 1002.000000 1002.000000 0.000000 
212.132034 136 1002.000000 1002.000000 0.000000 
210.717821 96 1002.000000 1002.000000 0.000000 
212.132034 96 1002.000000 1002.000000 0.000000 
212.132034 88 1002.000000 1002.000000 0.000000 
212.132034 96 1002.000000 1002.000000 0.000000 
213.546248 160 1002.000000 1002.000000 0.000000 
213.546248 136 1002.000000 1002.000000 0.000000 
214.960461 240 1002.000000 1002.000000 0.000000 
214.960461 160 1002.000000 1002.000000 0.000000 
216.374675 224 1002.000000 1002.000000 0.000000 
216.374675 272 1002.000000 1002.000000 0.000000 
216.374675 304 1002.000000 1002.000000 0.000000 
214.960461 208 1002.000000 1002.000000 0.000000 
214.960461 136 1002.000000 1002.000000 0.000000 
214.960461 128 1002.000000 1002.000000 0.000000 
214.960461 176 1002.000000 1002.000000 0.000000 
214.960461 192 1002.000000 1002.000000 0.000000 
216.374675 320 1002.000000 1002.000000 0.000000 
216.374675 272 1002.000000 1002.000000 0.000000 
217.788889 480 1002.000000 1002.000000 0.000000 
217.788889 212 1002.000000 1002.000000 0.000000 
219.203102 244 1002.000000 1002.000000 0.000000 
219.203102 228 1002.000000 1002.000000 0.000000 
219.203102 184 1002.000000 1002.000000 0.000000 
217.788889 136 1002.000000 1002.000000 0.000000 
216.374675 96 1002.000000 1002.000000 0.000000 
217.788889 96 1002.000000 1002.000000 0.000000 
217.788889 88 1002.000000 1002.000000 0.000000 
217.788889 96 1002.000000 1002.000000 0.000000 
219.203102 160 1002.000000 1002.000000 0.000000 
219.203102 136 1002.000000 1002.000000 0.000000 
220.617316 240 1002.000000 1002.000000 0.000000 
220.617316 160 1002.000000 1002.000000 0.000000 
222.031529 224 1002.000000 1002.000000 0.000000 
222.031529 272 1002.000000 1002.000000 0.000000 
222.031529 304 1002.000000 1002.000000 0.000000 
220.617316 208 1002.000000 1002.000000 0.000000 
220.617316 136 1002.000000 1002.000000 0.000000 
220.617316 128 1002.000000 1002.000000 0.000000 
220.617316 176 1002.000000 1002.000000 0.000000 
220.617316 192 1002.000000 1002.000000 0.000000 
222.031529 320 1002.000000 1002.000000 0.000000 
222.031529 272 1002.000000 1002.000000 0.000000 
223.445743 480 1002.000000 1002.000000 0.000000 
223.445743 248 1002.000000 1002.000000 0.000000 
224.859956 312 1002.000000 1002.000000 0.000000 
224.859956 344 1002.000000 1002.000000 0.000000 
224.859956 336 1002.000000 1002.000000 0.000000 
223.445743 272 1002.000000 1002.000000 0.000000 
222.031529 192 1002.000000 1002.000000 0.000000 
223.445743 192 1002.000000 1002.000000 0.000000 
223.445743 176 1002.000000 1002.000000 0.000000 
223.445743 192 1002.000000 1002.000000 0.000000 
224.859956 320 1002.000000 1002.000000 0.000000 
224.859956 272 1002.000000 1002.000000 0.000000 
226.274170 480 1002.000000 1002.000000 0.000000 
226.274170 320 1002.000000 1002.000000 0.000000 
227.688384 448 1002.000000 1002.000000 0.000000 
227.688384 544 1002.000000 1002.000000 0.000000 
227.688384 608 1002.000000 1002.000000 0.000000 
226.274170 416 1002.000000 1002.000000 0.000000 
226.274170 272 1002.000000 1002.000000 0.000000 
226.274170 256 1002.000000 1002.000000 0.000000 
226.274170 352 1002.000000 1002.000000 0.000000 
226.274170 384 1002.000000 1002.000000 0.000000 
227.688384 640 1002.000000 1002.000000 0.000000 
227.688384 544 1002.000000 1002.000000 0.000000 
229.102597 960 1002.000000 1002.000000 0.000000 
229.102597 370 1002.000000 1002.000000 0.000000 
230.516811 386 1002.000000 1002.000000 0.000000 
230.516811 282 1002.000000 1002.000000 0.000000 
230.516811 140 1002.000000 1002.000000 0.000000 
229.102597 68 1002.000000 1002.000000 0.000000 
227.688384 48 1002.000000 1002.000000 0.000000 
229.102597 48 1002.000000 1002.000000 0.000000 
229.102597 44 1002.000000 1002.000000 0.000000 
229.102597 48 1002.000000 1002.000000 0.000000 
230.516811 80 1002.000000 1002.000000 0.000000 
230.516811 68 1002.000000 1002.000000 0.000000 
231.931024 120 1002.000000 1002.000000 0.000000 
231.931024 80 1002.000000 1002.000000 0.000000 
233.345238 112 1002.000000 1002.000000 0.000000 
233.345238 136 1002.000000 1002.000000 0.000000 
233.345238 152 1002.000000 1002.000000 0.000000 
231.931024 104 1002.000000 1002.000000 0.000000 
231.931024 68 1002.000000 1002.000000 0.000000 
231.931024 64 1002.000000 1002.000000 0.000000 
231.931024 88 1002.000000 1002.000000 0.000000 
231.931024 96 1002.000000 1002.000000 0.000000 
233.345238 160 1002.000000 1002.000000 0.000000 
233.345238 136 1002.000000 1002.000000 0.000000 
234.759451 240 1002.000000 1002.000000 0.000000 
234.759451 124 1002.000000 1002.000000 0.000000 
236.173665 156 1002.000000 1002.000000 0.000000 
236.173665 172 1002.000000 1002.000000 0.000000 
236.173665 168 1002.000000 1002.000000 0.000000 
234.759451 136 1002.000000 1002.000000 0.000000 
233.345238 96 1002.000000 1002.000000 0.000000 
234.759451 96 1002.000000 1002.000000 0.000000 
234.759451 88 1002.000000 1002.000000 0.000000 
234.759451 96 1002.000000 1002.000000 0.000000 
236.173665 160 1002.000000 1002.000000 0.000000 
236.173665 136 1002.000000 1002.000000 0.000000 
237.587878 240 1002.000000 1002.000000 0.000000 
237.587878 160 1002.000000 1002.000000 0.000000 
239.002092 224 1002.000000 1002.000000 0.000000 
239.002092 272 1002.000000 1002.000000 0.000000 
239.002092 304 1002.000000 1002.000000 0.000000 
237.587878 208 1002.000000 1002.000000 0.000000 
237.587878 136 1002.000000 1002.000000 0.000000 
237.587878 128 1002.000000 1002.000000 0.000000 
237.587878 176 1002.000000 1002.000000 0.000000 
237.587878 192 1002.000000 1002.000000 0.000000 
239.002092 320 1002.000000 1002.000000 0.000000 
239.002092 272 1002.000000 1002.000000 0.000000 
240.416306 480 1002.000000 1002.000000 0.000000 
240.416306 212 1002.000000 1002.000000 0.000000 
