0.00000000000000000
0.06653619480007007
0.26638481957518390
0.59954592842507170
1.06601952134961750
1.66580559834886640
2.39890415942285750
3.26531520457184900
4.26503873379567460
5.39807474709430850
6.66442324446773100
8.06408422591608900
9.59705769143918100
11.26334364103609300
13.06294207470743800
14.99585299245323900
17.06207639427343300
19.26161228016866000
21.59446065013831300
23.02550499141977600
25.14027671209061800
27.38437265720406000
29.80962552145715700
31.72456654915835700
34.11193313969696600
36.31926904304346000
38.78851706307743000
40.85545366842682000
42.95063316834607000
44.89061082144361000
45.35508846223769600
46.80421601755252000
48.08822821983194000
49.17909694104598000
50.45862811934324600
51.74106041571092000
52.41665857344037000
52.64395235035248000
52.68026103972745000
52.97703287697188000
51.95657950096977000
50.33606059983216000
49.11375543800178000
47.70407553867135400
46.25673271838733000
44.95173072303314400
43.39213514472900400
41.11576763330228000
37.03804959411980000
32.91121688362378000
27.96979099796123300
21.52477688626426300
15.86731682980302200
10.54196202673587200
1.35904440941426130
0.59228007191933720
0.42633215912734410
0.31481284352702740
0.24417334242607060
0.18759799171542002
0.14670390343403340
0.11589779895617792
0.09478850931805896
0.06877098783387879
0.05315818052028983
0.04371328495940328
0.03652125229868679
0.03245211392145878
0.02471792942878625
0.02074816360501478
0.02378341498408605
0.02459765786237878
0.03307759835242910
0.04694474118898337
0.06449711610714273
0.08362899244235710
0.09213896336769617
0.10163150454819560
0.09227796601174094
0.05751517895307005
0.05604465972583691
0.04617413591481687
0.03009905056599311
0.03130802240124879
0.02695687120384855
0.02549438680424039
0.02116995475098427
0.02321072299161308
0.01457945873223829
0.01155590663670619
0.01187119651055566
0.00604722046635160
0.00446758568262818
0.00451102860482382
0.00599299330185193
0.00854766223315794
0.00503440201456790
0.00613006951155408
0.00276320129478076
0.00288540540644581
0.00323724683941632
0.00437786196450191
0.00593481372311541
0.00550418433131559
0.00485416915432244
0.00625452211247169
0.00554491984722227
0.00486470837593106
0.00440231643412750
0.00479294616116132
0.00650476521901925
0.00415185391896061
0.00487447516232878
0.00121150671268127
0.00109203575156936
0.00044108501538106
0.00031141525215458
0.00024111875288429
0.00022724736575861
0.00032040073515461
0.00047517761116665
0.00057748196612957
0.00077912224379796
0.00087219769557127
0.00078085010199143
0.00048499607128282
0.00033546966154790
0.00037393406947727
0.00060560909767566
0.00086160076994147
0.00125144908973350
0.00092536719190472
0.00108106051468409
0.00073633660810249
0.00058964195288051
0.00035991901626159
0.00031537749142067
0.00008680878082559
0.00008458267188314
0.00013076259314326
0.00024257024199509
0.00009435288311249
0.00003557663891558
0.00000878480605978
0.00000008680753711
0.00000351639577175
0.00001636524618221
0.00004190867780469
0.00001392552966395
0.00000079180957346
0.00000884780094765
0.00000727500936047
0.00000038568742682
0.00000108659682401
0.00000013753750547
0.00000001920567364
0.00000001645282487
0.00000002039143917
0.00000001812223959
0.00000001933856187
0.00000001981716098
0.00000001876366334
0.00000001834322082
0.00000002238574110
0.00000002004984070
0.00000002195298581
0.00000002046665954
0.00000002201157793
0.00000002154261662
0.00000002195281661
0.00000002141641844
0.00000002049014854
0.00000002195744151
0.00000002401077134
0.00000001944858772
0.00000002349693109
0.00000002273777299
0.00000002451595671
0.00000002350724475
0.00000002287301406
0.00000002531073945
