1.000000
0.999862
0.999760
0.999644
0.999531
0.999418
0.999305
0.999192
0.999079
0.998965
0.998852
0.998739
0.998626
0.998512
0.998399
0.998286
0.998173
0.998059
0.997946
0.997833
0.997719
0.997606
0.997492
0.997379
0.997265
0.997152
0.997038
0.996925
0.996811
0.996697
0.996584
0.996470
0.996356
0.996242
0.996129
0.996015
0.995901
0.995787
0.995673
0.995559
0.995445
0.995331
0.995216
0.995102
0.994988
0.994874
0.994759
0.994645
0.994530
0.994416
0.994301
0.994187
0.994072
0.993957
0.993843
0.993728
0.993613
0.993498
0.993383
0.993268
0.993153
0.993037
0.992922
0.992807
0.992691
0.992576
0.992460
0.992345
0.992229
0.992113
0.991997
0.991881
0.991765
0.991649
0.991533
0.991417
0.991301
0.991184
0.991068
0.990951
0.990835
0.990718
0.990601
0.990484
0.990367
0.990250
0.990133
0.990016
0.989899
0.989781
0.989664
0.989546
0.989429
0.989311
0.989193
0.989075
0.988957
0.988839
0.988721
0.988603
0.988485
0.988366
0.988248
0.988129
0.988010
0.987892
0.987773
0.987654
0.987535
0.987416
0.987296
0.987177
0.987058
0.986938
0.986818
0.986699
0.986579
0.986459
0.986339
0.986219
0.986099
0.985979
0.985858
0.985738
0.985618
0.985497
0.985376
0.985255
0.985135
0.985014
0.984893
0.984772
0.984650
0.984529
0.984408
0.984286
0.984165
0.984043
0.983921
0.983800
0.983678
0.983556
0.983434
0.983312
0.983190
0.983067
0.982945
0.982823
0.982700
0.982578
0.982455
0.982332
0.982210
0.982087
0.981964
0.981841
0.981718
0.981595
0.981472
0.981349
0.981225
0.981102
0.980979
0.980855
0.980732
0.980608
0.980485
0.980361
0.980237
0.980114
0.979990
0.979866
0.979742
0.979618
0.979494
0.979370
0.979246
0.979122
0.978998
0.978874
0.978749
0.978625
0.978501
0.978377
0.978252
0.978128
0.978004
0.977879
0.977755
0.977630
0.977506
0.977381
0.977257
0.977132
0.977008
0.976883
0.976759
0.976634
0.976510
0.976385
0.976261
0.976136
0.976011
0.975887
0.975762
0.975638
0.975513
0.975389
0.975264
0.975139
0.975015
0.974890
0.974766
0.974641
0.974517
0.974393
0.974268
0.974144
0.974019
0.973895
0.973771
0.973646
0.973522
0.973398
0.973274
0.973149
0.973025
0.972901
0.972777
0.972653
0.972529
0.972405
0.972281
0.972157
0.972034
0.971910
0.971786
0.971663
0.971539
0.971415
0.971292
0.971168
0.971045
0.970922
0.970798
0.970675
0.970552
0.970429
0.970306
0.970183
0.970060
0.969937
0.969815
0.969692
0.969569
0.969447
0.969324
0.969202
0.969080
0.968957
0.968835
0.968713
0.968591
0.968469
0.968348
0.968226
0.968104
0.967983
0.967861
0.967740
0.967618
0.967497
0.967376
0.967255
0.967134
0.967013
0.966892
0.966772
0.966651
0.966531
0.966410
0.966290
0.966170
0.966050
0.965930
0.965810
0.965690
0.965570
0.965450
0.965331
0.965212
0.965092
0.964973
0.964854
0.964735
0.964616
0.964497
0.964379
0.964260
0.964141
0.964023
0.963905
0.963787
0.963669
0.963551
0.963433
0.963315
0.963197
0.963080
0.962962
0.962845
0.962728
0.962611
0.962494
0.962377
0.962260
0.962143
0.962027
0.961910
0.961794
0.961678
0.961562
0.961446
0.961330
0.961214
0.961098
0.960983
0.960867
0.960752
0.960637
0.960521
0.960406
0.960291
0.960177
0.960062
0.959947
0.959833
0.959718
0.959604
0.959490
0.959376
0.959262
0.959148
0.959034
0.958920
0.958807
0.958693
0.958580
0.958466
0.958353
0.958240
0.958127
0.958014
0.957901
0.957788
0.957676
0.957563
0.957451
0.957339
0.957226
0.957114
0.957002
0.956890
0.956778
0.956666
0.956555
0.956443
0.956331
0.956220
0.956109
0.955997
0.955886
0.955775
0.955664
0.955553
0.955442
0.955331
0.955221
0.955110
0.954999
0.954889
0.954778
0.954668
0.954558
0.954447
0.954337
0.954227
0.954117
0.954007
0.953897
0.953788
0.953678
0.953568
0.953459
0.953349
0.953239
0.953130
0.953021
0.952911
0.952802
0.952693
0.952584
0.952475
0.952365
0.952256
0.952147
0.952039
0.951930
0.951821
0.951712
0.951603
0.951495
0.951386
0.951277
0.951169
0.951060
0.950952
0.950843
0.950735
0.950626
0.950518
0.950410
0.950301
0.950193
0.950085
0.949976
0.949868
0.949760
0.949652
0.949544
0.949436
0.949328
0.949219
0.949111
0.949003
0.948895
0.948787
0.948679
0.948571
0.948463
0.948355
0.948247
0.948140
0.948032
0.947924
0.947816
0.947708
0.947600
0.947492
0.947384
0.947276
0.947168
0.947061
0.946953
0.946845
0.946737
0.946629
0.946521
0.946413
0.946305
0.946198
0.946090
0.945982
0.945874
0.945766
0.945658
0.945550
0.945442
0.945334
0.945226
0.945119
0.945011
0.944903
0.944795
0.944687
0.944579
0.944471
0.944363
0.944255
0.944147
0.944039
0.943931
0.943823
0.943715
0.943607
0.943499
0.943390
0.943282
0.943174
0.943066
0.942958
0.942850
0.942742
0.942634
0.942526
0.942417
0.942309
0.942201
0.942093
0.941985
0.941876
0.941768
0.941660
0.941552
0.941444
0.941335
0.941227
0.941119
0.941011
0.940903
0.940794
0.940686
0.940578
0.940470
0.940361
0.940253
0.940145
0.940037
0.939929
0.939820
0.939712
0.939604
0.939496
0.939388
0.939280
0.939171
0.939063
0.938955
0.938847
0.938739
0.938631
0.938523
0.938415
0.938307
0.938199
0.938091
0.937983
0.937875
0.937767
0.937659
0.937551
0.937444
0.937336
0.937228
0.937120
0.937013
0.936905
0.936797
0.936690
0.936582
0.936475
0.936367
0.936260
0.936153
0.936045
0.935938
0.935831
0.935724
0.935617
0.935510
0.935403
0.935296
0.935189
0.935082
0.934975
0.934868
0.934762
0.934655
0.934549
0.934442
0.934336
0.934230
0.934124
0.934017
0.933911
0.933805
0.933699
0.933594
0.933488
0.933382
0.933277
0.933171
0.933066
0.932960
0.932855
0.932750
0.932645
0.932540
0.932435
0.932331
0.932226
0.932121
0.932017
0.931913
0.931808
0.931704
0.931600
0.931496
0.931392
0.931289
0.931185
0.931082
0.930978
0.930875
0.930772
0.930669
0.930566
0.930463
0.930361
0.930258
0.930156
0.930053
0.929951
0.929849
0.929747
0.929646
0.929544
0.929443
0.929341
0.929240
0.929139
0.929038
0.928937
0.928837
0.928736
0.928636
0.928535
0.928435
0.928335
0.928236
0.928136
0.928036
0.927937
0.927838
0.927739
0.927640
0.927541
0.927443
0.927344
0.927246
0.927148
0.927050
0.926952
0.926854
0.926757
0.926659
0.926562
0.926465
0.926368
0.926271
0.926175
0.926078
0.925982
0.925886
0.925790
0.925694
0.925599
0.925503
0.925408
0.925313
0.925218
0.925123
0.925029
0.924934
0.924840
0.924746
0.924652
0.924558
0.924465
0.924371
0.924278
0.924185
0.924092
0.923999
0.923907
0.923814
0.923722
0.923630
0.923538
0.923446
0.923355
0.923264
0.923172
0.923081
0.922990
0.922900
0.922809
0.922719
0.922629
0.922539
0.922449
0.922359
0.922270
0.922180
0.922091
0.922002
0.921913
0.921824
0.921736
0.921648
0.921559
0.921471
0.921384
0.921296
0.921208
0.921121
0.921034
0.920947
0.920860
0.920773
0.920687
0.920600
0.920514
0.920428
0.920342
0.920256
0.920171
0.920085
0.920000
0.919915
0.919830
0.919745
0.919661
0.919576
0.919492
0.919408
0.919324
0.919240
0.919156
0.919072
0.918989
0.918906
0.918823
0.918740
0.918657
0.918574
0.918491
0.918409
0.918327
0.918245
0.918163
0.918081
0.917999
0.917917
0.917836
0.917755
0.917674
0.917592
0.917512
0.917431
0.917350
0.917270
0.917189
0.917109
0.917029
0.916949
0.916869
0.916789
0.916709
0.916630
0.916550
0.916471
0.916392
0.916313
0.916234
0.916155
0.916076
0.915998
0.915919
0.915841
0.915762
0.915684
0.915606
0.915528
0.915450
0.915372
0.915295
0.915217
0.915139
0.915062
0.914985
0.914907
0.914830
0.914753
0.914676
0.914599
0.914523
0.914446
0.914369
0.914293
0.914216
0.914140
0.914064
0.913988
0.913911
0.913835
0.913759
0.913683
0.913608
0.913532
0.913456
0.913381
0.913305
0.913230
0.913154
0.913079
0.913004
0.912928
0.912853
0.912778
0.912703
0.912628
0.912553
0.912478
0.912404
0.912329
0.912254
0.912180
0.912105
0.912031
0.911956
0.911882
0.911807
0.911733
0.911659
0.911584
0.911510
0.911436
0.911362
0.911288
0.911214
0.911140
0.911066
0.910992
0.910919
0.910845
0.910771
0.910697
0.910624
0.910550
0.910477
0.910403
0.910330
0.910256
0.910183
0.910109
0.910036
0.909963
0.909890
0.909816
0.909743
0.909670
0.909597
0.909524
0.909451
0.909378
0.909305
0.909232
0.909159
0.909086
0.909013
0.908941
0.908868
0.908795
0.908723
0.908650
0.908577
0.908505
0.908432
0.908360
0.908287
0.908215
0.908143
0.908070
0.907998
0.907926
0.907854
0.907782
0.907710
0.907637
0.907565
0.907493
0.907422
0.907350
0.907278
0.907206
0.907134
0.907063
0.906991
0.906919
0.906848
0.906776
0.906705
0.906634
0.906562
0.906491
0.906420
0.906349
0.906277
0.906206
0.906135
0.906065
0.905994
0.905923
0.905852
0.905781
0.905711
0.905640
0.905570
0.905499
0.905429
0.905359
0.905289
0.905219
0.905149
0.905079
0.905009
0.904939
0.904869
0.904800
0.904730
0.904661
0.904591
0.904522
0.904453
0.904384
0.904314
0.904246
0.904177
0.904108
0.904039
0.903971
0.903902
0.903834
0.903766
0.903697
0.903629
0.903561
0.903494
0.903426
0.903358
0.903291
0.903223
0.903156
0.903089
0.903022
0.902955
0.902888
0.902821
0.902755
0.902688
0.902622
0.902556
0.902490
0.902424
0.902358
0.902292
0.902227
0.902161
0.902096
0.902031
0.901966
0.901901
0.901836
0.901772
0.901707
0.901643
0.901579
0.901515
0.901451
0.901387
0.901324
0.901260
0.901197
0.901134
0.901071
0.901008
0.900946
0.900883
0.900821
0.900759
0.900697
0.900635
0.900573
0.900512
0.900450
0.900389
0.900328
0.900267
0.900207
0.900146
0.900086
0.900026
0.899966
0.899906
0.899846
0.899787
0.899728
0.899669
0.899610
0.899551
0.899493
0.899434
0.899376
0.899318
0.899260
0.899203
0.899145
0.899088
0.899031
0.898974
0.898917
0.898861
0.898805
0.898749
0.898693
0.898637
0.898581
0.898526
0.898471
0.898416
0.898361
0.898307
0.898252
0.898198
0.898144
0.898090
0.898037
0.897983
0.897930
0.897877
0.897825
0.897772
0.897720
0.897667
0.897615
0.897564
0.897512
0.897461
0.897409
0.897358
0.897308
0.897257
0.897207
0.897156
0.897106
0.897057
0.897007
0.896958
0.896909
0.896860
0.896811
0.896762
0.896714
0.896666
0.896618
0.896570
0.896522
0.896475
0.896428
0.896381
0.896334
0.896287
0.896241
0.896195
0.896149
0.896103
0.896057
0.896012
0.895966
0.895921
0.895877
0.895832
0.895787
0.895743
0.895699
0.895655
0.895612
0.895568
0.895525
0.895482
0.895439
0.895396
0.895353
0.895311
0.895269
0.895227
0.895185
0.895143
0.895102
0.895061
0.895020
0.894979
0.894938
0.894897
0.894857
0.894817
0.894777
0.894737
0.894697
0.894658
0.894619
0.894579
0.894540
0.894502
0.894463
0.894425
0.894386
0.894348
0.894310
0.894272
0.894235
0.894197
0.894160
0.894123
0.894086
0.894049
0.894012
0.893976
0.893939
0.893903
0.893867
0.893831
0.893795
0.893760
0.893724
0.893689
0.893654
0.893619
0.893584
0.893549
0.893514
0.893480
0.893445
0.893411
0.893377
0.893343
0.893309
0.893276
0.893242
0.893209
0.893175
0.893142
0.893109
0.893076
0.893043
0.893011
0.892978
0.892946
0.892913
0.892881
0.892849
0.892817
0.892785
0.892753
0.892722
0.892690
0.892659
0.892627
0.892596
0.892565
0.892534
0.892503
0.892472
0.892441
0.892411
0.892380
0.892350
0.892319
0.892289
0.892259
0.892229
0.892199
0.892169
0.892139
0.892109
0.892080
0.892050
0.892021
0.891991
0.891962
0.891933
0.891904
0.891875
0.891846
0.891817
0.891788
0.891759
0.891730
0.891702
0.891673
0.891645
0.891616
0.891588
0.891560
0.891531
0.891503
0.891475
0.891447
0.891419
0.891391
0.891363
0.891336
0.891308
0.891280
0.891253
0.891225
0.891198
0.891170
0.891143
0.891116
0.891088
0.891061
0.891034
0.891007
0.890980
0.890953
0.890926
0.890899
0.890873
0.890846
0.890819
0.890793
0.890766
0.890740
0.890713
0.890687
0.890660
0.890634
0.890608
0.890582
0.890556
0.890530
0.890504
0.890478
0.890452
0.890426
0.890400
0.890374
0.890349
0.890323
0.890298
0.890272
0.890247
0.890221
0.890196
0.890171
0.890145
0.890120
0.890095
0.890070
0.890045
0.890020
0.889995
0.889971
0.889946
0.889921
0.889897
0.889872
0.889848
0.889823
0.889799
0.889775
0.889751
0.889726
0.889702
0.889679
0.889655
0.889631
0.889607
0.889583
0.889560
0.889536
0.889513
0.889490
0.889466
0.889443
0.889420
0.889397
0.889374
0.889351
0.889328
0.889306
0.889283
0.889261
0.889238
0.889216
0.889194
0.889172
0.889150
0.889128
0.889106
0.889084
0.889063
0.889041
0.889020
0.888998
0.888977
0.888956
0.888935
0.888914
0.888894
0.888873
0.888852
0.888832
0.888812
0.888792
0.888772
0.888752
0.888732
0.888712
0.888693
0.888673
0.888654
0.888635
0.888616
0.888597
0.888578
0.888559
0.888541
0.888522
0.888504
0.888486
0.888468
0.888450
0.888433
0.888415
0.888398
0.888380
0.888363
0.888346
0.888330
0.888313
0.888296
0.888280
0.888264
0.888248
0.888232
0.888216
0.888201
0.888185
0.888170
0.888155
0.888140
0.888126
0.888111
0.888097
0.888082
0.888068
0.888055
0.888041
0.888027
0.888014
0.888001
0.887988
0.887975
0.887962
0.887950
0.887938
0.887925
0.887914
0.887902
0.887890
0.887879
0.887868
0.887857
0.887846
0.887835
0.887825
0.887815
0.887805
0.887795
0.887785
0.887776
0.887766
0.887757
0.887748
0.887740
0.887731
0.887723
0.887715
0.887707
0.887699
0.887692
0.887685
0.887677
0.887671
0.887664
0.887657
0.887651
0.887645
0.887639
0.887634
0.887628
0.887623
0.887618
0.887613
0.887608
0.887604
0.887600
0.887596
0.887592
0.887588
0.887585
0.887582
0.887579
0.887576
0.887573
0.887571
0.887569
0.887567
0.887565
0.887564
0.887562
0.887561
0.887560
0.887559
0.887559
0.887559
0.887559
0.887559
0.887559
0.887560
0.887560
0.887561
0.887563
0.887564
0.887566
0.887567
0.887569
0.887571
0.887574
0.887576
0.887579
0.887582
0.887586
0.887589
0.887593
0.887596
0.887600
0.887605
0.887609
0.887614
0.887619
0.887624
0.887629
0.887634
0.887640
0.887646
0.887652
0.887658
0.887664
0.887671
0.887678
0.887685
0.887692
0.887699
0.887707
0.887714
0.887722
0.887730
0.887739
