1.000000
0.999559
0.999206
0.998831
0.998457
0.998084
0.997711
0.997338
0.996966
0.996593
0.996221
0.995849
0.995477
0.995106
0.994735
0.994364
0.993994
0.993624
0.993254
0.992885
0.992516
0.992148
0.991780
0.991412
0.991045
0.990678
0.990312
0.989946
0.989580
0.989215
0.988850
0.988486
0.988122
0.987759
0.987396
0.987033
0.986670
0.986308
0.985947
0.985585
0.985224
0.984863
0.984503
0.984142
0.983782
0.983422
0.983063
0.982703
0.982343
0.981984
0.981625
0.981266
0.980906
0.980547
0.980188
0.979828
0.979469
0.979110
0.978750
0.978390
0.978030
0.977670
0.977310
0.976949
0.976588
0.976227
0.975866
0.975504
0.975142
0.974779
0.974416
0.974053
0.973689
0.973325
0.972960
0.972595
0.972229
0.971863
0.971497
0.971130
0.970763
0.970395
0.970026
0.969658
0.969288
0.968919
0.968549
0.968178
0.967807
0.967436
0.967064
0.966692
0.966320
0.965947
0.965575
0.965202
0.964828
0.964455
0.964081
0.963707
0.963334
0.962960
0.962586
0.962212
0.961838
0.961465
0.961091
0.960718
0.960345
0.959972
0.959599
0.959227
0.958855
0.958483
0.958112
0.957742
0.957372
0.957002
0.956633
0.956265
0.955898
0.955531
0.955165
0.954799
0.954435
0.954071
0.953708
0.953346
0.952985
0.952625
0.952266
0.951908
0.951551
0.951195
0.950840
0.950486
0.950134
0.949782
0.949432
0.949082
0.948734
0.948387
0.948041
0.947697
0.947353
0.947011
0.946670
0.946330
0.945991
0.945654
0.945318
0.944983
0.944649
0.944316
0.943985
0.943655
0.943325
0.942997
0.942670
0.942345
0.942020
0.941696
0.941374
0.941052
0.940732
0.940412
0.940094
0.939776
0.939459
0.939143
0.938828
0.938514
0.938201
0.937889
0.937577
0.937266
0.936956
0.936646
0.936337
0.936029
0.935721
0.935414
0.935107
0.934801
0.934495
0.934190
0.933885
0.933581
0.933276
0.932973
0.932669
0.932366
0.932063
0.931761
0.931459
0.931157
0.930855
0.930553
0.930252
0.929951
0.929650
0.929349
0.929048
0.928748
0.928447
0.928147
0.927847
0.927547
0.927247
0.926948
0.926649
0.926350
0.926051
0.925752
0.925454
0.925156
0.924858
0.924561
0.924264
0.923967
0.923671
0.923375
0.923080
0.922785
0.922491
0.922197
0.921904
0.921611
0.921319
0.921028
0.920738
0.920448
0.920159
0.919871
0.919584
0.919298
0.919012
0.918728
0.918445
0.918163
0.917882
0.917602
0.917323
0.917045
0.916769
0.916493
0.916220
0.915947
0.915676
0.915406
0.915137
0.914870
0.914605
0.914341
0.914078
0.913817
0.913557
0.913299
0.913043
0.912788
0.912535
0.912283
0.912033
0.911785
0.911538
0.911293
0.911049
0.910807
0.910567
0.910329
0.910092
0.909856
0.909623
0.909391
0.909161
0.908932
0.908705
0.908479
0.908256
0.908033
0.907813
0.907593
0.907376
0.907160
0.906945
0.906732
0.906520
0.906310
0.906101
0.905894
0.905688
0.905483
0.905279
0.905077
0.904876
0.904676
0.904478
0.904280
0.904084
0.903889
0.903695
0.903501
0.903309
0.903118
0.902928
0.902738
0.902550
0.902362
0.902175
0.901989
0.901804
0.901619
0.901435
0.901252
0.901069
0.900887
0.900706
0.900525
0.900345
0.900165
0.899986
0.899807
0.899629
0.899451
0.899274
0.899098
0.898921
0.898746
0.898571
0.898396
0.898222
0.898048
0.897875
0.897702
0.897530
0.897358
0.897187
0.897016
0.896846
0.896677
0.896508
0.896340
0.896172
0.896006
0.895840
0.895674
0.895510
0.895346
0.895183
0.895021
0.894860
0.894700
0.894540
0.894382
0.894225
0.894069
0.893914
0.893760
0.893607
0.893455
0.893305
0.893156
0.893008
0.892862
0.892716
0.892573
0.892430
0.892290
0.892150
0.892012
0.891876
0.891741
0.891608
0.891477
0.891347
0.891219
0.891092
0.890967
0.890844
0.890723
0.890603
0.890485
0.890369
0.890255
0.890143
0.890032
0.889923
0.889816
0.889711
0.889608
0.889506
0.889407
0.889309
0.889213
0.889119
0.889027
0.888936
0.888847
0.888761
0.888676
0.888592
0.888511
0.888431
0.888353
0.888277
0.888202
0.888129
0.888058
0.887988
0.887920
0.887854
0.887789
0.887725
0.887663
0.887603
0.887544
0.887487
0.887430
0.887376
0.887322
0.887270
0.887219
0.887169
0.887121
0.887074
0.887027
0.886982
0.886938
0.886895
0.886853
0.886812
0.886772
0.886733
0.886694
0.886657
0.886620
0.886584
0.886549
0.886515
0.886481
0.886448
0.886416
0.886384
0.886353
0.886322
0.886293
0.886263
0.886235
0.886207
0.886179
0.886153
0.886126
0.886100
0.886075
0.886051
0.886027
0.886003
0.885981
0.885958
0.885937
0.885916
0.885896
0.885876
0.885857
0.885839
0.885822
0.885805
0.885789
0.885774
0.885760
0.885746
0.885734
0.885722
0.885712
0.885702
0.885694
0.885686
0.885680
0.885675
0.885671
0.885668
0.885666
0.885665
0.885666
0.885668
0.885672
0.885677
0.885683
