38.453761
38.380486
38.267129
38.128595
37.952383
37.743603
37.504647
37.238476
36.948084
36.636524
36.306819
35.961887
35.604497
35.237230
34.862457
34.482327
34.098765
33.713470
33.327934
32.943444
32.561106
32.181855
31.806475
31.435614
31.069801
30.709456
30.354911
30.006418
29.664157
29.328254
28.998783
28.675775
28.359229
28.049112
27.745368
27.447921
27.156677
26.871533
26.592373
26.319074
26.051508
25.789541
25.533040
25.281867
25.035884
24.794956
24.558947
24.327722
24.101149
23.879099
23.661444
23.448060
23.238825
23.033622
22.832335
22.634853
22.441067
22.250872
22.064165
21.880849
21.700826
21.524005
21.350296
21.179611
21.011868
20.846985
20.684884
20.525489
20.368727
20.214527
20.062821
19.913543
19.766628
19.622016
19.479646
19.339462
19.201406
19.065426
18.931469
18.799485
18.669425
18.541242
18.414890
18.290326
18.167506
18.046389
17.926936
17.809107
17.692866
17.578175
17.464999
17.353305
17.243059
17.134229
17.026784
16.920694
16.815930
16.712464
16.610267
16.509314
16.409578
16.311034
16.213657
16.117425
16.022314
15.928301
15.835365
15.743485
15.652640
15.562811
15.473977
15.386119
15.299221
15.213263
15.128228
15.044100
14.960861
14.878496
14.796990
14.716326
14.636491
14.557469
14.479247
14.401811
14.325147
14.249243
14.174087
14.099664
14.025964
13.952975
13.880685
13.809083
13.738158
13.667900
13.598298
13.529342
13.461021
13.393327
13.326250
13.259780
13.193909
13.128628
13.063928
12.999801
12.936238
12.873231
12.810774
12.748857
12.687474
12.626617
12.566278
12.506452
12.447131
12.388308
12.329977
12.272131
12.214764
12.157869
12.101442
12.045475
11.989964
11.934901
11.880283
11.826103
11.772356
11.719037
11.666140
11.613662
11.561595
11.509937
11.458682
11.407825
11.357363
11.307289
11.257601
11.208294
11.159363
11.110804
11.062613
11.014787
10.967321
10.920211
10.873454
10.827046
10.780983
10.735261
10.689877
10.644827
10.600108
10.555717
10.511649
10.467902
10.424472
10.381357
10.338552
10.296055
10.253862
10.211970
10.170377
10.129079
10.088073
10.047356
10.006925
9.966777
9.926909
9.887318
9.848001
9.808955
9.770177
9.731664
9.693414
9.655422
9.617687
9.580205
9.542972
9.505987
9.469245
9.432744
9.396481
9.360451
9.324652
9.289081
9.253734
9.218607
9.183697
9.149000
9.114512
9.080229
9.046148
9.012263
8.978571
8.945067
8.911746
8.878603
8.845633
8.812830
8.780190
8.747705
8.715369
8.683176
8.651119
8.619189
8.587380
8.555682
8.524085
8.492582
8.461160
8.429808
8.398515
8.367266
8.336049
8.304847
8.273643
8.242419
8.211155
8.179830
8.148418
8.116893
8.085225
8.053383
8.021329
7.989023
7.956419
7.923467
7.890108
7.856278
7.821902
7.786896
7.751161
7.714585
7.677037
7.638364
7.598388
7.556894
7.513628
7.468286
7.420497
7.369804
7.315646
7.257317
7.193924
7.124319
7.047020
6.960089
6.861010
6.746625
6.613523
6.460674
6.303825
6.268079
7.439868
12.193634
18.450681
16.113300
18.258037
16.524200
14.870794
11.489545
5.765759
14.208429
31.066439
20.637153
23.920607
22.996381
22.798589
22.715662
22.628339
22.558561
22.498385
22.444930
22.396453
22.351722
22.309889
22.270347
22.232652
22.196470
22.161545
22.127678
22.094712
22.062524
22.031010
22.000090
21.969694
21.939766
21.910258
21.881132
21.852352
21.823891
21.795723
21.767827
21.740185
21.712780
21.685600
21.658630
21.631861
21.605284
21.578889
21.552670
21.526620
21.500733
21.475004
21.449427
21.424000
21.398717
21.373577
21.348574
21.323708
21.298975
21.274372
21.249898
21.225552
21.201330
21.177232
21.153255
21.129400
21.105663
21.082045
21.058543
21.035158
21.011888
20.988732
20.965689
20.942758
20.919940
20.897232
20.874635
20.852147
20.829769
20.807499
20.785337
20.763282
20.741335
20.719493
20.697758
20.676127
20.654602
20.633181
20.611864
20.590651
20.569541
20.548534
20.527629
20.506825
20.486124
20.465523
20.445023
20.424624
20.404325
20.384125
20.364024
20.344023
20.324119
20.304314
20.284607
20.264998
20.245485
20.226070
20.206750
20.187528
20.168401
20.149369
20.130433
20.111592
20.092845
20.074193
20.055635
20.037172
20.018801
20.000525
19.982341
19.964251
19.946254
19.928349
19.910537
19.892817
19.875189
19.857654
19.840211
19.822861
19.805602
19.788436
19.771362
19.754381
19.737492
19.720696
19.703993
19.687384
19.670869
19.654448
19.638122
19.621892
19.605758
19.589722
19.573784
19.557947
19.542210
19.526577
19.511049
19.495627
19.480315
19.465116
19.450032
19.435068
19.420229
19.405519
19.390944
19.376512
19.362232
19.348112
19.334165
19.320405
19.306849
19.293517
19.280433
19.267629
19.255141
19.243017
19.231315
19.220108
19.209492
19.199583
19.190529
19.182507
19.175703
19.170238
19.165930
19.161622
19.153642
19.133979
19.093527
19.034869
18.974635
18.923188
18.880854
18.845911
18.816393
18.790693
18.767704
18.746688
18.727144
18.708727
18.691191
18.674360
18.658101
18.642318
18.626933
18.611889
18.597140
