72.124892 828 151.000000 151.000000 0.000000 
72.124892 924 151.000000 151.000000 0.000000 
73.539105 1020 151.000000 151.000000 0.000000 
73.539105 860 151.000000 151.000000 0.000000 
74.953319 892 151.000000 151.000000 0.000000 
74.953319 892 151.000000 151.000000 0.000000 
73.539105 804 151.000000 151.000000 0.000000 
72.124892 836 151.000000 151.000000 0.000000 
72.124892 956 151.000000 151.000000 0.000000 
72.124892 924 151.000000 151.000000 0.000000 
73.539105 796 151.000000 151.000000 0.000000 
73.539105 860 151.000000 151.000000 0.000000 
73.539105 924 151.000000 151.000000 0.000000 
73.539105 924 151.000000 151.000000 0.000000 
73.539105 956 151.000000 151.000000 0.000000 
73.539105 988 151.000000 151.000000 0.000000 
74.953319 1212 151.000000 151.000000 0.000000 
74.953319 1116 151.000000 151.000000 0.000000 
74.953319 1052 151.000000 151.000000 0.000000 
74.953319 1052 151.000000 151.000000 0.000000 
69.296465 700 151.000000 151.000000 0.000000 
66.468037 828 151.000000 151.000000 0.000000 
65.053824 476 151.000000 151.000000 0.000000 
65.053824 540 151.000000 151.000000 0.000000 
65.053824 540 151.000000 151.000000 0.000000 
65.053824 604 151.000000 151.000000 0.000000 
65.053824 636 151.000000 151.000000 0.000000 
66.468037 508 151.000000 151.000000 0.000000 
66.468037 508 151.000000 151.000000 0.000000 
66.468037 412 151.000000 151.000000 0.000000 
66.468037 508 151.000000 151.000000 0.000000 
66.468037 380 151.000000 151.000000 0.000000 
66.468037 412 151.000000 151.000000 0.000000 
65.053824 444 151.000000 151.000000 0.000000 
62.225397 412 151.000000 151.000000 0.000000 
63.639610 508 151.000000 151.000000 0.000000 
63.639610 508 151.000000 151.000000 0.000000 
65.053824 796 151.000000 151.000000 0.000000 
65.053824 444 151.000000 151.000000 0.000000 
66.468037 380 151.000000 151.000000 0.000000 
66.468037 348 151.000000 151.000000 0.000000 
67.882251 444 151.000000 151.000000 0.000000 
67.882251 508 151.000000 151.000000 0.000000 
69.296465 668 151.000000 151.000000 0.000000 
69.296465 572 151.000000 151.000000 0.000000 
70.710678 668 151.000000 151.000000 0.000000 
70.710678 764 151.000000 151.000000 0.000000 
70.710678 764 151.000000 151.000000 0.000000 
70.710678 732 151.000000 151.000000 0.000000 
72.124892 764 151.000000 151.000000 0.000000 
72.124892 572 151.000000 151.000000 0.000000 
72.124892 540 151.000000 151.000000 0.000000 
72.124892 604 151.000000 151.000000 0.000000 
73.539105 668 151.000000 151.000000 0.000000 
73.539105 732 151.000000 151.000000 0.000000 
72.124892 672 151.000000 151.000000 0.000000 
73.539105 828 151.000000 151.000000 0.000000 
73.539105 676 151.000000 151.000000 0.000000 
73.539105 536 151.000000 151.000000 0.000000 
67.882251 476 151.000000 151.000000 0.000000 
67.882251 536 151.000000 151.000000 0.000000 
67.882251 452 151.000000 151.000000 0.000000 
69.296465 564 151.000000 151.000000 0.000000 
69.296465 464 151.000000 151.000000 0.000000 
69.296465 468 151.000000 151.000000 0.000000 
69.296465 600 151.000000 151.000000 0.000000 
70.710678 652 151.000000 151.000000 0.000000 
70.710678 704 151.000000 151.000000 0.000000 
72.124892 748 151.000000 151.000000 0.000000 
72.124892 856 151.000000 151.000000 0.000000 
72.124892 952 151.000000 151.000000 0.000000 
73.539105 1044 151.000000 151.000000 0.000000 
73.539105 888 151.000000 151.000000 0.000000 
74.953319 896 151.000000 151.000000 0.000000 
74.953319 892 151.000000 151.000000 0.000000 
73.539105 812 151.000000 151.000000 0.000000 
72.124892 852 151.000000 151.000000 0.000000 
72.124892 980 151.000000 151.000000 0.000000 
72.124892 940 151.000000 151.000000 0.000000 
73.539105 832 151.000000 151.000000 0.000000 
73.539105 876 151.000000 151.000000 0.000000 
73.539105 924 151.000000 151.000000 0.000000 
73.539105 916 151.000000 151.000000 0.000000 
73.539105 956 151.000000 151.000000 0.000000 
73.539105 976 151.000000 151.000000 0.000000 
74.953319 1216 151.000000 151.000000 0.000000 
74.953319 1108 151.000000 151.000000 0.000000 
74.953319 1044 151.000000 151.000000 0.000000 
74.953319 1052 151.000000 151.000000 0.000000 
69.296465 704 151.000000 151.000000 0.000000 
66.468037 848 151.000000 151.000000 0.000000 
65.053824 500 151.000000 151.000000 0.000000 
65.053824 576 151.000000 151.000000 0.000000 
65.053824 588 151.000000 151.000000 0.000000 
65.053824 664 151.000000 151.000000 0.000000 
65.053824 676 151.000000 151.000000 0.000000 
66.468037 552 151.000000 151.000000 0.000000 
66.468037 552 151.000000 151.000000 0.000000 
66.468037 444 151.000000 151.000000 0.000000 
66.468037 544 151.000000 151.000000 0.000000 
66.468037 432 151.000000 151.000000 0.000000 
66.468037 460 151.000000 151.000000 0.000000 
65.053824 476 151.000000 151.000000 0.000000 
62.225397 452 151.000000 151.000000 0.000000 
63.639610 556 151.000000 151.000000 0.000000 
63.639610 556 151.000000 151.000000 0.000000 
65.053824 848 151.000000 151.000000 0.000000 
65.053824 500 151.000000 151.000000 0.000000 
66.468037 464 151.000000 151.000000 0.000000 
66.468037 420 151.000000 151.000000 0.000000 
67.882251 508 151.000000 151.000000 0.000000 
67.882251 572 151.000000 151.000000 0.000000 
69.296465 688 151.000000 151.000000 0.000000 
69.296465 608 151.000000 151.000000 0.000000 
70.710678 660 151.000000 151.000000 0.000000 
70.710678 764 151.000000 151.000000 0.000000 
70.710678 764 151.000000 151.000000 0.000000 
70.710678 740 151.000000 151.000000 0.000000 
72.124892 776 151.000000 151.000000 0.000000 
72.124892 568 151.000000 151.000000 0.000000 
72.124892 536 151.000000 151.000000 0.000000 
72.124892 588 151.000000 151.000000 0.000000 
73.539105 664 151.000000 151.000000 0.000000 
73.539105 712 151.000000 151.000000 0.000000 
72.124892 652 151.000000 151.000000 0.000000 
73.539105 816 151.000000 151.000000 0.000000 
73.539105 652 151.000000 151.000000 0.000000 
73.539105 536 151.000000 151.000000 0.000000 
67.882251 472 151.000000 151.000000 0.000000 
67.882251 572 151.000000 151.000000 0.000000 
67.882251 432 151.000000 151.000000 0.000000 
69.296465 552 151.000000 151.000000 0.000000 
69.296465 452 151.000000 151.000000 0.000000 
69.296465 464 151.000000 151.000000 0.000000 
69.296465 600 151.000000 151.000000 0.000000 
70.710678 652 151.000000 151.000000 0.000000 
70.710678 704 151.000000 151.000000 0.000000 
72.124892 748 151.000000 151.000000 0.000000 
72.124892 856 151.000000 151.000000 0.000000 
72.124892 952 151.000000 151.000000 0.000000 
73.539105 1044 151.000000 151.000000 0.000000 
73.539105 888 151.000000 151.000000 0.000000 
74.953319 896 151.000000 151.000000 0.000000 
74.953319 892 151.000000 151.000000 0.000000 
73.539105 812 151.000000 151.000000 0.000000 
72.124892 852 151.000000 151.000000 0.000000 
72.124892 980 151.000000 151.000000 0.000000 
72.124892 940 151.000000 151.000000 0.000000 
73.539105 832 151.000000 151.000000 0.000000 
73.539105 876 151.000000 151.000000 0.000000 
73.539105 924 151.000000 151.000000 0.000000 
73.539105 916 151.000000 151.000000 0.000000 
73.539105 956 151.000000 151.000000 0.000000 
73.539105 976 151.000000 151.000000 0.000000 
74.953319 1216 151.000000 151.000000 0.000000 
74.953319 1108 151.000000 151.000000 0.000000 
74.953319 1044 151.000000 151.000000 0.000000 
74.953319 1060 151.000000 151.000000 0.000000 
69.296465 712 151.000000 151.000000 0.000000 
66.468037 848 151.000000 151.000000 0.000000 
65.053824 500 151.000000 151.000000 0.000000 
65.053824 576 151.000000 151.000000 0.000000 
65.053824 588 151.000000 151.000000 0.000000 
65.053824 664 151.000000 151.000000 0.000000 
65.053824 676 151.000000 151.000000 0.000000 
66.468037 552 151.000000 151.000000 0.000000 
66.468037 552 151.000000 151.000000 0.000000 
66.468037 444 151.000000 151.000000 0.000000 
66.468037 544 151.000000 151.000000 0.000000 
66.468037 432 151.000000 151.000000 0.000000 
66.468037 460 151.000000 151.000000 0.000000 
65.053824 476 151.000000 151.000000 0.000000 
62.225397 452 151.000000 151.000000 0.000000 
63.639610 556 151.000000 151.000000 0.000000 
63.639610 556 151.000000 151.000000 0.000000 
65.053824 848 151.000000 151.000000 0.000000 
65.053824 500 151.000000 151.000000 0.000000 
66.468037 464 151.000000 151.000000 0.000000 
66.468037 420 151.000000 151.000000 0.000000 
67.882251 508 151.000000 151.000000 0.000000 
67.882251 572 151.000000 151.000000 0.000000 
69.296465 688 151.000000 151.000000 0.000000 
69.296465 608 151.000000 151.000000 0.000000 
70.710678 660 151.000000 151.000000 0.000000 
70.710678 764 151.000000 151.000000 0.000000 
70.710678 764 151.000000 151.000000 0.000000 
70.710678 740 151.000000 151.000000 0.000000 
72.124892 776 151.000000 151.000000 0.000000 
72.124892 568 151.000000 151.000000 0.000000 
72.124892 536 151.000000 151.000000 0.000000 
72.124892 588 151.000000 151.000000 0.000000 
73.539105 664 151.000000 151.000000 0.000000 
73.539105 712 151.000000 151.000000 0.000000 
72.124892 652 151.000000 151.000000 0.000000 
73.539105 816 151.000000 151.000000 0.000000 
73.539105 652 151.000000 151.000000 0.000000 
73.539105 536 151.000000 151.000000 0.000000 
67.882251 472 151.000000 151.000000 0.000000 
67.882251 572 151.000000 151.000000 0.000000 
67.882251 432 151.000000 151.000000 0.000000 
69.296465 552 151.000000 151.000000 0.000000 
69.296465 452 151.000000 151.000000 0.000000 
69.296465 464 151.000000 151.000000 0.000000 
69.296465 600 151.000000 151.000000 0.000000 
70.710678 652 151.000000 151.000000 0.000000 
70.710678 704 151.000000 151.000000 0.000000 
72.124892 748 151.000000 151.000000 0.000000 
72.124892 856 151.000000 151.000000 0.000000 
72.124892 952 151.000000 151.000000 0.000000 
73.539105 1044 151.000000 151.000000 0.000000 
73.539105 888 151.000000 151.000000 0.000000 
74.953319 896 151.000000 151.000000 0.000000 
74.953319 892 151.000000 151.000000 0.000000 
73.539105 812 151.000000 151.000000 0.000000 
72.124892 852 151.000000 151.000000 0.000000 
72.124892 980 151.000000 151.000000 0.000000 
72.124892 940 151.000000 151.000000 0.000000 
73.539105 832 151.000000 151.000000 0.000000 
73.539105 876 151.000000 151.000000 0.000000 
73.539105 924 151.000000 151.000000 0.000000 
73.539105 916 151.000000 151.000000 0.000000 
73.539105 956 151.000000 151.000000 0.000000 
73.539105 976 151.000000 151.000000 0.000000 
74.953319 1216 151.000000 151.000000 0.000000 
74.953319 1108 151.000000 151.000000 0.000000 
74.953319 1044 151.000000 151.000000 0.000000 
74.953319 1052 151.000000 151.000000 0.000000 
69.296465 704 151.000000 151.000000 0.000000 
66.468037 848 151.000000 151.000000 0.000000 
65.053824 500 151.000000 151.000000 0.000000 
65.053824 576 151.000000 151.000000 0.000000 
65.053824 588 151.000000 151.000000 0.000000 
65.053824 664 151.000000 151.000000 0.000000 
65.053824 676 151.000000 151.000000 0.000000 
66.468037 552 151.000000 151.000000 0.000000 
66.468037 552 151.000000 151.000000 0.000000 
66.468037 444 151.000000 151.000000 0.000000 
66.468037 544 151.000000 151.000000 0.000000 
66.468037 432 151.000000 151.000000 0.000000 
66.468037 460 151.000000 151.000000 0.000000 
65.053824 476 151.000000 151.000000 0.000000 
62.225397 452 151.000000 151.000000 0.000000 
63.639610 556 151.000000 151.000000 0.000000 
63.639610 556 151.000000 151.000000 0.000000 
65.053824 848 151.000000 151.000000 0.000000 
65.053824 500 151.000000 151.000000 0.000000 
66.468037 464 151.000000 151.000000 0.000000 
66.468037 420 151.000000 151.000000 0.000000 
67.882251 508 151.000000 151.000000 0.000000 
67.882251 572 151.000000 151.000000 0.000000 
69.296465 688 151.000000 151.000000 0.000000 
69.296465 608 151.000000 151.000000 0.000000 
70.710678 660 151.000000 151.000000 0.000000 
70.710678 764 151.000000 151.000000 0.000000 
70.710678 764 151.000000 151.000000 0.000000 
70.710678 740 151.000000 151.000000 0.000000 
72.124892 776 151.000000 151.000000 0.000000 
72.124892 568 151.000000 151.000000 0.000000 
72.124892 536 151.000000 151.000000 0.000000 
72.124892 588 151.000000 151.000000 0.000000 
73.539105 664 151.000000 151.000000 0.000000 
73.539105 712 151.000000 151.000000 0.000000 
72.124892 652 151.000000 151.000000 0.000000 
73.539105 816 151.000000 151.000000 0.000000 
73.539105 652 151.000000 151.000000 0.000000 
73.539105 536 151.000000 151.000000 0.000000 
67.882251 472 151.000000 151.000000 0.000000 
67.882251 572 151.000000 151.000000 0.000000 
67.882251 432 151.000000 151.000000 0.000000 
69.296465 552 151.000000 151.000000 0.000000 
69.296465 452 151.000000 151.000000 0.000000 
69.296465 464 151.000000 151.000000 0.000000 
69.296465 600 151.000000 151.000000 0.000000 
70.710678 652 151.000000 151.000000 0.000000 
70.710678 704 151.000000 151.000000 0.000000 
72.124892 748 151.000000 151.000000 0.000000 
72.124892 856 151.000000 151.000000 0.000000 
72.124892 952 151.000000 151.000000 0.000000 
73.539105 1044 151.000000 151.000000 0.000000 
73.539105 888 151.000000 151.000000 0.000000 
74.953319 896 151.000000 151.000000 0.000000 
74.953319 892 151.000000 151.000000 0.000000 
73.539105 812 151.000000 151.000000 0.000000 
72.124892 852 151.000000 151.000000 0.000000 
72.124892 980 151.000000 151.000000 0.000000 
72.124892 940 151.000000 151.000000 0.000000 
73.539105 832 151.000000 151.000000 0.000000 
73.539105 876 151.000000 151.000000 0.000000 
73.539105 924 151.000000 151.000000 0.000000 
73.539105 916 151.000000 151.000000 0.000000 
73.539105 956 151.000000 151.000000 0.000000 
73.539105 976 151.000000 151.000000 0.000000 
74.953319 1216 151.000000 151.000000 0.000000 
74.953319 1108 151.000000 151.000000 0.000000 
74.953319 1044 151.000000 151.000000 0.000000 
74.953319 1060 151.000000 151.000000 0.000000 
69.296465 712 151.000000 151.000000 0.000000 
66.468037 848 151.000000 151.000000 0.000000 
65.053824 500 151.000000 151.000000 0.000000 
65.053824 576 151.000000 151.000000 0.000000 
65.053824 588 151.000000 151.000000 0.000000 
65.053824 664 151.000000 151.000000 0.000000 
65.053824 676 151.000000 151.000000 0.000000 
66.468037 552 151.000000 151.000000 0.000000 
66.468037 552 151.000000 151.000000 0.000000 
66.468037 444 151.000000 151.000000 0.000000 
66.468037 544 151.000000 151.000000 0.000000 
66.468037 432 151.000000 151.000000 0.000000 
66.468037 460 151.000000 151.000000 0.000000 
65.053824 476 151.000000 151.000000 0.000000 
62.225397 452 151.000000 151.000000 0.000000 
63.639610 556 151.000000 151.000000 0.000000 
63.639610 556 151.000000 151.000000 0.000000 
65.053824 848 151.000000 151.000000 0.000000 
65.053824 500 151.000000 151.000000 0.000000 
66.468037 464 151.000000 151.000000 0.000000 
66.468037 420 151.000000 151.000000 0.000000 
67.882251 508 151.000000 151.000000 0.000000 
67.882251 572 151.000000 151.000000 0.000000 
69.296465 688 151.000000 151.000000 0.000000 
69.296465 608 151.000000 151.000000 0.000000 
70.710678 660 151.000000 151.000000 0.000000 
70.710678 764 151.000000 151.000000 0.000000 
70.710678 764 151.000000 151.000000 0.000000 
70.710678 740 151.000000 151.000000 0.000000 
72.124892 776 151.000000 151.000000 0.000000 
72.124892 568 151.000000 151.000000 0.000000 
72.124892 536 151.000000 151.000000 0.000000 
72.124892 588 151.000000 151.000000 0.000000 
73.539105 664 151.000000 151.000000 0.000000 
73.539105 712 151.000000 151.000000 0.000000 
72.124892 652 151.000000 151.000000 0.000000 
73.539105 816 151.000000 151.000000 0.000000 
73.539105 652 151.000000 151.000000 0.000000 
73.539105 536 151.000000 151.000000 0.000000 
67.882251 472 151.000000 151.000000 0.000000 
67.882251 572 151.000000 151.000000 0.000000 
67.882251 432 151.000000 151.000000 0.000000 
69.296465 552 151.000000 151.000000 0.000000 
69.296465 452 151.000000 151.000000 0.000000 
69.296465 464 151.000000 151.000000 0.000000 
69.296465 600 151.000000 151.000000 0.000000 
70.710678 652 151.000000 151.000000 0.000000 
70.710678 704 151.000000 151.000000 0.000000 
72.124892 748 151.000000 151.000000 0.000000 
72.124892 856 151.000000 151.000000 0.000000 
72.124892 952 151.000000 151.000000 0.000000 
73.539105 1044 151.000000 151.000000 0.000000 
73.539105 888 151.000000 151.000000 0.000000 
74.953319 896 151.000000 151.000000 0.000000 
74.953319 892 151.000000 151.000000 0.000000 
73.539105 812 151.000000 151.000000 0.000000 
72.124892 852 151.000000 151.000000 0.000000 
72.124892 980 151.000000 151.000000 0.000000 
72.124892 940 151.000000 151.000000 0.000000 
73.539105 832 151.000000 151.000000 0.000000 
73.539105 876 151.000000 151.000000 0.000000 
73.539105 924 151.000000 151.000000 0.000000 
73.539105 916 151.000000 151.000000 0.000000 
73.539105 956 151.000000 151.000000 0.000000 
73.539105 976 151.000000 151.000000 0.000000 
74.953319 1216 151.000000 151.000000 0.000000 
74.953319 1108 151.000000 151.000000 0.000000 
74.953319 1044 151.000000 151.000000 0.000000 
74.953319 1052 151.000000 151.000000 0.000000 
69.296465 704 151.000000 151.000000 0.000000 
66.468037 848 151.000000 151.000000 0.000000 
65.053824 500 151.000000 151.000000 0.000000 
65.053824 576 151.000000 151.000000 0.000000 
65.053824 588 151.000000 151.000000 0.000000 
65.053824 664 151.000000 151.000000 0.000000 
65.053824 676 151.000000 151.000000 0.000000 
66.468037 552 151.000000 151.000000 0.000000 
66.468037 552 151.000000 151.000000 0.000000 
66.468037 444 151.000000 151.000000 0.000000 
66.468037 544 151.000000 151.000000 0.000000 
66.468037 432 151.000000 151.000000 0.000000 
66.468037 460 151.000000 151.000000 0.000000 
65.053824 476 151.000000 151.000000 0.000000 
62.225397 452 151.000000 151.000000 0.000000 
63.639610 556 151.000000 151.000000 0.000000 
63.639610 556 151.000000 151.000000 0.000000 
65.053824 848 151.000000 151.000000 0.000000 
65.053824 500 151.000000 151.000000 0.000000 
66.468037 464 151.000000 151.000000 0.000000 
66.468037 420 151.000000 151.000000 0.000000 
67.882251 508 151.000000 151.000000 0.000000 
67.882251 572 151.000000 151.000000 0.000000 
69.296465 688 151.000000 151.000000 0.000000 
69.296465 608 151.000000 151.000000 0.000000 
70.710678 660 151.000000 151.000000 0.000000 
70.710678 764 151.000000 151.000000 0.000000 
70.710678 764 151.000000 151.000000 0.000000 
70.710678 740 151.000000 151.000000 0.000000 
72.124892 776 151.000000 151.000000 0.000000 
72.124892 568 151.000000 151.000000 0.000000 
72.124892 536 151.000000 151.000000 0.000000 
72.124892 588 151.000000 151.000000 0.000000 
73.539105 664 151.000000 151.000000 0.000000 
73.539105 712 151.000000 151.000000 0.000000 
72.124892 652 151.000000 151.000000 0.000000 
73.539105 816 151.000000 151.000000 0.000000 
73.539105 652 151.000000 151.000000 0.000000 
73.539105 536 151.000000 151.000000 0.000000 
67.882251 472 151.000000 151.000000 0.000000 
67.882251 572 151.000000 151.000000 0.000000 
67.882251 432 151.000000 151.000000 0.000000 
69.296465 552 151.000000 151.000000 0.000000 
69.296465 452 151.000000 151.000000 0.000000 
69.296465 464 151.000000 151.000000 0.000000 
69.296465 600 151.000000 151.000000 0.000000 
70.710678 652 151.000000 151.000000 0.000000 
70.710678 704 151.000000 151.000000 0.000000 
72.124892 748 151.000000 151.000000 0.000000 
72.124892 856 151.000000 151.000000 0.000000 
72.124892 952 151.000000 151.000000 0.000000 
73.539105 1044 151.000000 151.000000 0.000000 
73.539105 888 151.000000 151.000000 0.000000 
74.953319 896 151.000000 151.000000 0.000000 
74.953319 892 151.000000 151.000000 0.000000 
73.539105 812 151.000000 151.000000 0.000000 
72.124892 852 151.000000 151.000000 0.000000 
72.124892 980 151.000000 151.000000 0.000000 
72.124892 940 151.000000 151.000000 0.000000 
73.539105 832 151.000000 151.000000 0.000000 
73.539105 876 151.000000 151.000000 0.000000 
73.539105 924 151.000000 151.000000 0.000000 
73.539105 916 151.000000 151.000000 0.000000 
73.539105 956 151.000000 151.000000 0.000000 
73.539105 976 151.000000 151.000000 0.000000 
74.953319 1216 151.000000 151.000000 0.000000 
74.953319 1108 151.000000 151.000000 0.000000 
74.953319 1044 151.000000 151.000000 0.000000 
74.953319 1060 151.000000 151.000000 0.000000 
69.296465 712 151.000000 151.000000 0.000000 
66.468037 848 151.000000 151.000000 0.000000 
65.053824 500 151.000000 151.000000 0.000000 
65.053824 576 151.000000 151.000000 0.000000 
65.053824 588 151.000000 151.000000 0.000000 
65.053824 664 151.000000 151.000000 0.000000 
65.053824 676 151.000000 151.000000 0.000000 
66.468037 552 151.000000 151.000000 0.000000 
66.468037 552 151.000000 151.000000 0.000000 
66.468037 444 151.000000 151.000000 0.000000 
66.468037 544 151.000000 151.000000 0.000000 
66.468037 432 151.000000 151.000000 0.000000 
66.468037 460 151.000000 151.000000 0.000000 
65.053824 476 151.000000 151.000000 0.000000 
62.225397 452 151.000000 151.000000 0.000000 
63.639610 556 151.000000 151.000000 0.000000 
63.639610 556 151.000000 151.000000 0.000000 
65.053824 848 151.000000 151.000000 0.000000 
65.053824 500 151.000000 151.000000 0.000000 
66.468037 464 151.000000 151.000000 0.000000 
66.468037 420 151.000000 151.000000 0.000000 
67.882251 508 151.000000 151.000000 0.000000 
67.882251 572 151.000000 151.000000 0.000000 
69.296465 688 151.000000 151.000000 0.000000 
69.296465 608 151.000000 151.000000 0.000000 
70.710678 660 151.000000 151.000000 0.000000 
70.710678 764 151.000000 151.000000 0.000000 
70.710678 764 151.000000 151.000000 0.000000 
70.710678 740 151.000000 151.000000 0.000000 
72.124892 776 151.000000 151.000000 0.000000 
72.124892 568 151.000000 151.000000 0.000000 
72.124892 536 151.000000 151.000000 0.000000 
72.124892 588 151.000000 151.000000 0.000000 
73.539105 664 151.000000 151.000000 0.000000 
73.539105 712 151.000000 151.000000 0.000000 
72.124892 652 151.000000 151.000000 0.000000 
73.539105 816 151.000000 151.000000 0.000000 
73.539105 652 151.000000 151.000000 0.000000 
73.539105 536 151.000000 151.000000 0.000000 
67.882251 472 151.000000 151.000000 0.000000 
67.882251 572 151.000000 151.000000 0.000000 
67.882251 432 151.000000 151.000000 0.000000 
69.296465 552 151.000000 151.000000 0.000000 
69.296465 452 151.000000 151.000000 0.000000 
69.296465 464 151.000000 151.000000 0.000000 
69.296465 600 151.000000 151.000000 0.000000 
70.710678 652 151.000000 151.000000 0.000000 
70.710678 704 151.000000 151.000000 0.000000 
72.124892 748 151.000000 151.000000 0.000000 
72.124892 856 151.000000 151.000000 0.000000 
72.124892 952 151.000000 151.000000 0.000000 
73.539105 1044 151.000000 151.000000 0.000000 
73.539105 888 151.000000 151.000000 0.000000 
74.953319 896 151.000000 151.000000 0.000000 
74.953319 892 151.000000 151.000000 0.000000 
73.539105 812 151.000000 151.000000 0.000000 
72.124892 852 151.000000 151.000000 0.000000 
72.124892 980 151.000000 151.000000 0.000000 
72.124892 940 151.000000 151.000000 0.000000 
73.539105 832 151.000000 151.000000 0.000000 
73.539105 876 151.000000 151.000000 0.000000 
73.539105 924 151.000000 151.000000 0.000000 
73.539105 916 151.000000 151.000000 0.000000 
73.539105 956 151.000000 151.000000 0.000000 
73.539105 976 151.000000 151.000000 0.000000 
74.953319 1216 151.000000 151.000000 0.000000 
74.953319 1108 151.000000 151.000000 0.000000 
74.953319 1044 151.000000 151.000000 0.000000 
74.953319 1052 151.000000 151.000000 0.000000 
69.296465 704 151.000000 151.000000 0.000000 
66.468037 848 151.000000 151.000000 0.000000 
65.053824 500 151.000000 151.000000 0.000000 
65.053824 576 151.000000 151.000000 0.000000 
65.053824 588 151.000000 151.000000 0.000000 
65.053824 664 151.000000 151.000000 0.000000 
65.053824 676 151.000000 151.000000 0.000000 
66.468037 552 151.000000 151.000000 0.000000 
66.468037 552 151.000000 151.000000 0.000000 
66.468037 444 151.000000 151.000000 0.000000 
66.468037 544 151.000000 151.000000 0.000000 
66.468037 432 151.000000 151.000000 0.000000 
66.468037 460 151.000000 151.000000 0.000000 
65.053824 476 151.000000 151.000000 0.000000 
62.225397 452 151.000000 151.000000 0.000000 
63.639610 556 151.000000 151.000000 0.000000 
63.639610 556 151.000000 151.000000 0.000000 
65.053824 848 151.000000 151.000000 0.000000 
65.053824 500 151.000000 151.000000 0.000000 
66.468037 464 151.000000 151.000000 0.000000 
66.468037 420 151.000000 151.000000 0.000000 
67.882251 508 151.000000 151.000000 0.000000 
67.882251 572 151.000000 151.000000 0.000000 
69.296465 688 151.000000 151.000000 0.000000 
69.296465 608 151.000000 151.000000 0.000000 
70.710678 660 151.000000 151.000000 0.000000 
70.710678 764 151.000000 151.000000 0.000000 
70.710678 764 151.000000 151.000000 0.000000 
70.710678 740 151.000000 151.000000 0.000000 
72.124892 776 151.000000 151.000000 0.000000 
72.124892 568 151.000000 151.000000 0.000000 
72.124892 536 151.000000 151.000000 0.000000 
72.124892 588 151.000000 151.000000 0.000000 
73.539105 664 151.000000 151.000000 0.000000 
73.539105 712 151.000000 151.000000 0.000000 
72.124892 652 151.000000 151.000000 0.000000 
73.539105 816 151.000000 151.000000 0.000000 
73.539105 652 151.000000 151.000000 0.000000 
73.539105 536 151.000000 151.000000 0.000000 
67.882251 472 151.000000 151.000000 0.000000 
67.882251 572 151.000000 151.000000 0.000000 
67.882251 432 151.000000 151.000000 0.000000 
69.296465 552 151.000000 151.000000 0.000000 
69.296465 452 151.000000 151.000000 0.000000 
69.296465 464 151.000000 151.000000 0.000000 
69.296465 600 151.000000 151.000000 0.000000 
70.710678 652 151.000000 151.000000 0.000000 
70.710678 704 151.000000 151.000000 0.000000 
72.124892 748 151.000000 151.000000 0.000000 
72.124892 856 151.000000 151.000000 0.000000 
72.124892 952 151.000000 151.000000 0.000000 
73.539105 1044 151.000000 151.000000 0.000000 
73.539105 888 151.000000 151.000000 0.000000 
74.953319 896 151.000000 151.000000 0.000000 
74.953319 892 151.000000 151.000000 0.000000 
73.539105 812 151.000000 151.000000 0.000000 
72.124892 852 151.000000 151.000000 0.000000 
72.124892 980 151.000000 151.000000 0.000000 
72.124892 940 151.000000 151.000000 0.000000 
73.539105 832 151.000000 151.000000 0.000000 
73.539105 876 151.000000 151.000000 0.000000 
73.539105 924 151.000000 151.000000 0.000000 
73.539105 916 151.000000 151.000000 0.000000 
73.539105 956 151.000000 151.000000 0.000000 
73.539105 976 151.000000 151.000000 0.000000 
74.953319 1216 151.000000 151.000000 0.000000 
74.953319 1108 151.000000 151.000000 0.000000 
74.953319 1044 151.000000 151.000000 0.000000 
74.953319 1060 151.000000 151.000000 0.000000 
69.296465 712 151.000000 151.000000 0.000000 
66.468037 848 151.000000 151.000000 0.000000 
65.053824 500 151.000000 151.000000 0.000000 
65.053824 576 151.000000 151.000000 0.000000 
65.053824 588 151.000000 151.000000 0.000000 
65.053824 664 151.000000 151.000000 0.000000 
65.053824 676 151.000000 151.000000 0.000000 
66.468037 552 151.000000 151.000000 0.000000 
66.468037 552 151.000000 151.000000 0.000000 
66.468037 444 151.000000 151.000000 0.000000 
66.468037 544 151.000000 151.000000 0.000000 
66.468037 432 151.000000 151.000000 0.000000 
66.468037 460 151.000000 151.000000 0.000000 
65.053824 476 151.000000 151.000000 0.000000 
62.225397 452 151.000000 151.000000 0.000000 
63.639610 556 151.000000 151.000000 0.000000 
63.639610 556 151.000000 151.000000 0.000000 
65.053824 848 151.000000 151.000000 0.000000 
65.053824 500 151.000000 151.000000 0.000000 
66.468037 464 151.000000 151.000000 0.000000 
66.468037 420 151.000000 151.000000 0.000000 
67.882251 508 151.000000 151.000000 0.000000 
67.882251 572 151.000000 151.000000 0.000000 
69.296465 688 151.000000 151.000000 0.000000 
69.296465 608 151.000000 151.000000 0.000000 
70.710678 660 151.000000 151.000000 0.000000 
70.710678 764 151.000000 151.000000 0.000000 
70.710678 764 151.000000 151.000000 0.000000 
70.710678 740 151.000000 151.000000 0.000000 
72.124892 776 151.000000 151.000000 0.000000 
72.124892 568 151.000000 151.000000 0.000000 
72.124892 536 151.000000 151.000000 0.000000 
72.124892 588 151.000000 151.000000 0.000000 
73.539105 664 151.000000 151.000000 0.000000 
73.539105 712 151.000000 151.000000 0.000000 
72.124892 652 151.000000 151.000000 0.000000 
73.539105 816 151.000000 151.000000 0.000000 
73.539105 652 151.000000 151.000000 0.000000 
73.539105 536 151.000000 151.000000 0.000000 
67.882251 472 151.000000 151.000000 0.000000 
67.882251 572 151.000000 151.000000 0.000000 
67.882251 432 151.000000 151.000000 0.000000 
69.296465 552 151.000000 151.000000 0.000000 
69.296465 452 151.000000 151.000000 0.000000 
69.296465 464 151.000000 151.000000 0.000000 
69.296465 600 151.000000 151.000000 0.000000 
70.710678 652 151.000000 151.000000 0.000000 
70.710678 704 151.000000 151.000000 0.000000 
72.124892 748 151.000000 151.000000 0.000000 
72.124892 856 151.000000 151.000000 0.000000 
72.124892 952 151.000000 151.000000 0.000000 
73.539105 1044 151.000000 151.000000 0.000000 
73.539105 888 151.000000 151.000000 0.000000 
74.953319 896 151.000000 151.000000 0.000000 
74.953319 892 151.000000 151.000000 0.000000 
73.539105 812 151.000000 151.000000 0.000000 
72.124892 852 151.000000 151.000000 0.000000 
72.124892 980 151.000000 151.000000 0.000000 
72.124892 940 151.000000 151.000000 0.000000 
73.539105 832 151.000000 151.000000 0.000000 
73.539105 876 151.000000 151.000000 0.000000 
73.539105 924 151.000000 151.000000 0.000000 
73.539105 916 151.000000 151.000000 0.000000 
73.539105 956 151.000000 151.000000 0.000000 
73.539105 976 151.000000 151.000000 0.000000 
74.953319 1216 151.000000 151.000000 0.000000 
74.953319 1108 151.000000 151.000000 0.000000 
74.953319 1044 151.000000 151.000000 0.000000 
74.953319 1052 151.000000 151.000000 0.000000 
69.296465 704 151.000000 151.000000 0.000000 
66.468037 848 151.000000 151.000000 0.000000 
65.053824 500 151.000000 151.000000 0.000000 
65.053824 576 151.000000 151.000000 0.000000 
65.053824 588 151.000000 151.000000 0.000000 
65.053824 664 151.000000 151.000000 0.000000 
65.053824 676 151.000000 151.000000 0.000000 
66.468037 552 151.000000 151.000000 0.000000 
66.468037 552 151.000000 151.000000 0.000000 
66.468037 444 151.000000 151.000000 0.000000 
66.468037 544 151.000000 151.000000 0.000000 
66.468037 432 151.000000 151.000000 0.000000 
66.468037 460 151.000000 151.000000 0.000000 
65.053824 476 151.000000 151.000000 0.000000 
62.225397 452 151.000000 151.000000 0.000000 
63.639610 556 151.000000 151.000000 0.000000 
63.639610 556 151.000000 151.000000 0.000000 
65.053824 848 151.000000 151.000000 0.000000 
65.053824 500 151.000000 151.000000 0.000000 
66.468037 464 151.000000 151.000000 0.000000 
66.468037 420 151.000000 151.000000 0.000000 
67.882251 508 151.000000 151.000000 0.000000 
67.882251 572 151.000000 151.000000 0.000000 
69.296465 688 151.000000 151.000000 0.000000 
69.296465 608 151.000000 151.000000 0.000000 
70.710678 660 151.000000 151.000000 0.000000 
70.710678 764 151.000000 151.000000 0.000000 
70.710678 764 151.000000 151.000000 0.000000 
70.710678 740 151.000000 151.000000 0.000000 
72.124892 776 151.000000 151.000000 0.000000 
72.124892 568 151.000000 151.000000 0.000000 
72.124892 536 151.000000 151.000000 0.000000 
72.124892 588 151.000000 151.000000 0.000000 
73.539105 664 151.000000 151.000000 0.000000 
73.539105 712 151.000000 151.000000 0.000000 
72.124892 652 151.000000 151.000000 0.000000 
73.539105 816 151.000000 151.000000 0.000000 
73.539105 652 151.000000 151.000000 0.000000 
73.539105 536 151.000000 151.000000 0.000000 
67.882251 472 151.000000 151.000000 0.000000 
67.882251 572 151.000000 151.000000 0.000000 
67.882251 432 151.000000 151.000000 0.000000 
69.296465 552 151.000000 151.000000 0.000000 
69.296465 452 151.000000 151.000000 0.000000 
69.296465 464 151.000000 151.000000 0.000000 
69.296465 600 151.000000 151.000000 0.000000 
70.710678 652 151.000000 151.000000 0.000000 
70.710678 704 151.000000 151.000000 0.000000 
72.124892 748 151.000000 151.000000 0.000000 
72.124892 856 151.000000 151.000000 0.000000 
72.124892 952 151.000000 151.000000 0.000000 
73.539105 1044 151.000000 151.000000 0.000000 
73.539105 888 151.000000 151.000000 0.000000 
74.953319 896 151.000000 151.000000 0.000000 
74.953319 892 151.000000 151.000000 0.000000 
73.539105 812 151.000000 151.000000 0.000000 
72.124892 852 151.000000 151.000000 0.000000 
72.124892 980 151.000000 151.000000 0.000000 
72.124892 940 151.000000 151.000000 0.000000 
73.539105 832 151.000000 151.000000 0.000000 
73.539105 876 151.000000 151.000000 0.000000 
73.539105 924 151.000000 151.000000 0.000000 
73.539105 916 151.000000 151.000000 0.000000 
73.539105 956 151.000000 151.000000 0.000000 
73.539105 976 151.000000 151.000000 0.000000 
74.953319 1216 151.000000 151.000000 0.000000 
74.953319 1108 151.000000 151.000000 0.000000 
74.953319 1044 151.000000 151.000000 0.000000 
74.953319 1060 151.000000 151.000000 0.000000 
69.296465 712 151.000000 151.000000 0.000000 
66.468037 848 151.000000 151.000000 0.000000 
65.053824 500 151.000000 151.000000 0.000000 
65.053824 576 151.000000 151.000000 0.000000 
65.053824 588 151.000000 151.000000 0.000000 
65.053824 664 151.000000 151.000000 0.000000 
65.053824 676 151.000000 151.000000 0.000000 
66.468037 552 151.000000 151.000000 0.000000 
66.468037 552 151.000000 151.000000 0.000000 
66.468037 444 151.000000 151.000000 0.000000 
66.468037 544 151.000000 151.000000 0.000000 
66.468037 432 151.000000 151.000000 0.000000 
66.468037 460 151.000000 151.000000 0.000000 
65.053824 476 151.000000 151.000000 0.000000 
62.225397 452 151.000000 151.000000 0.000000 
63.639610 556 151.000000 151.000000 0.000000 
63.639610 556 151.000000 151.000000 0.000000 
65.053824 848 151.000000 151.000000 0.000000 
65.053824 500 151.000000 151.000000 0.000000 
66.468037 464 151.000000 151.000000 0.000000 
66.468037 420 151.000000 151.000000 0.000000 
67.882251 508 151.000000 151.000000 0.000000 
67.882251 572 151.000000 151.000000 0.000000 
69.296465 688 151.000000 151.000000 0.000000 
69.296465 608 151.000000 151.000000 0.000000 
70.710678 660 151.000000 151.000000 0.000000 
70.710678 764 151.000000 151.000000 0.000000 
70.710678 764 151.000000 151.000000 0.000000 
70.710678 740 151.000000 151.000000 0.000000 
72.124892 776 151.000000 151.000000 0.000000 
72.124892 568 151.000000 151.000000 0.000000 
72.124892 536 151.000000 151.000000 0.000000 
72.124892 588 151.000000 151.000000 0.000000 
73.539105 664 151.000000 151.000000 0.000000 
73.539105 712 151.000000 151.000000 0.000000 
72.124892 652 151.000000 151.000000 0.000000 
73.539105 816 151.000000 151.000000 0.000000 
73.539105 652 151.000000 151.000000 0.000000 
73.539105 536 151.000000 151.000000 0.000000 
67.882251 472 151.000000 151.000000 0.000000 
67.882251 572 151.000000 151.000000 0.000000 
67.882251 432 151.000000 151.000000 0.000000 
69.296465 552 151.000000 151.000000 0.000000 
69.296465 452 151.000000 151.000000 0.000000 
69.296465 464 151.000000 151.000000 0.000000 
69.296465 600 151.000000 151.000000 0.000000 
70.710678 652 151.000000 151.000000 0.000000 
70.710678 704 151.000000 151.000000 0.000000 
72.124892 748 151.000000 151.000000 0.000000 
72.124892 856 151.000000 151.000000 0.000000 
72.124892 952 151.000000 151.000000 0.000000 
73.539105 1044 151.000000 151.000000 0.000000 
73.539105 888 151.000000 151.000000 0.000000 
74.953319 896 151.000000 151.000000 0.000000 
74.953319 892 151.000000 151.000000 0.000000 
73.539105 812 151.000000 151.000000 0.000000 
72.124892 852 151.000000 151.000000 0.000000 
72.124892 980 151.000000 151.000000 0.000000 
72.124892 940 151.000000 151.000000 0.000000 
73.539105 832 151.000000 151.000000 0.000000 
73.539105 876 151.000000 151.000000 0.000000 
73.539105 924 151.000000 151.000000 0.000000 
73.539105 916 151.000000 151.000000 0.000000 
73.539105 956 151.000000 151.000000 0.000000 
73.539105 976 151.000000 151.000000 0.000000 
74.953319 1216 151.000000 151.000000 0.000000 
74.953319 1108 151.000000 151.000000 0.000000 
74.953319 1044 151.000000 151.000000 0.000000 
74.953319 1052 151.000000 151.000000 0.000000 
69.296465 704 151.000000 151.000000 0.000000 
66.468037 848 151.000000 151.000000 0.000000 
65.053824 500 151.000000 151.000000 0.000000 
65.053824 576 151.000000 151.000000 0.000000 
65.053824 588 151.000000 151.000000 0.000000 
65.053824 664 151.000000 151.000000 0.000000 
65.053824 676 151.000000 151.000000 0.000000 
66.468037 552 151.000000 151.000000 0.000000 
66.468037 552 151.000000 151.000000 0.000000 
66.468037 444 151.000000 151.000000 0.000000 
66.468037 544 151.000000 151.000000 0.000000 
66.468037 432 151.000000 151.000000 0.000000 
66.468037 460 151.000000 151.000000 0.000000 
65.053824 476 151.000000 151.000000 0.000000 
62.225397 452 151.000000 151.000000 0.000000 
63.639610 556 151.000000 151.000000 0.000000 
63.639610 556 151.000000 151.000000 0.000000 
65.053824 848 151.000000 151.000000 0.000000 
65.053824 500 151.000000 151.000000 0.000000 
66.468037 464 151.000000 151.000000 0.000000 
66.468037 420 151.000000 151.000000 0.000000 
67.882251 508 151.000000 151.000000 0.000000 
67.882251 572 151.000000 151.000000 0.000000 
69.296465 688 151.000000 151.000000 0.000000 
69.296465 608 151.000000 151.000000 0.000000 
70.710678 660 151.000000 151.000000 0.000000 
70.710678 764 151.000000 151.000000 0.000000 
70.710678 764 151.000000 151.000000 0.000000 
70.710678 740 151.000000 151.000000 0.000000 
72.124892 776 151.000000 151.000000 0.000000 
72.124892 568 151.000000 151.000000 0.000000 
72.124892 536 151.000000 151.000000 0.000000 
72.124892 588 151.000000 151.000000 0.000000 
73.539105 664 151.000000 151.000000 0.000000 
73.539105 712 151.000000 151.000000 0.000000 
72.124892 652 151.000000 151.000000 0.000000 
73.539105 816 151.000000 151.000000 0.000000 
73.539105 652 151.000000 151.000000 0.000000 
73.539105 536 151.000000 151.000000 0.000000 
67.882251 472 151.000000 151.000000 0.000000 
67.882251 572 151.000000 151.000000 0.000000 
67.882251 432 151.000000 151.000000 0.000000 
69.296465 552 151.000000 151.000000 0.000000 
69.296465 452 151.000000 151.000000 0.000000 
69.296465 464 151.000000 151.000000 0.000000 
69.296465 600 151.000000 151.000000 0.000000 
70.710678 652 151.000000 151.000000 0.000000 
70.710678 704 151.000000 151.000000 0.000000 
72.124892 748 151.000000 151.000000 0.000000 
72.124892 856 151.000000 151.000000 0.000000 
72.124892 952 151.000000 151.000000 0.000000 
73.539105 1044 151.000000 151.000000 0.000000 
73.539105 888 151.000000 151.000000 0.000000 
74.953319 896 151.000000 151.000000 0.000000 
74.953319 892 151.000000 151.000000 0.000000 
73.539105 812 151.000000 151.000000 0.000000 
72.124892 852 151.000000 151.000000 0.000000 
72.124892 980 151.000000 151.000000 0.000000 
72.124892 940 151.000000 151.000000 0.000000 
73.539105 832 151.000000 151.000000 0.000000 
73.539105 876 151.000000 151.000000 0.000000 
73.539105 924 151.000000 151.000000 0.000000 
73.539105 916 151.000000 151.000000 0.000000 
73.539105 956 151.000000 151.000000 0.000000 
73.539105 976 151.000000 151.000000 0.000000 
74.953319 1216 151.000000 151.000000 0.000000 
74.953319 1108 151.000000 151.000000 0.000000 
74.953319 1044 151.000000 151.000000 0.000000 
74.953319 1060 151.000000 151.000000 0.000000 
69.296465 712 151.000000 151.000000 0.000000 
66.468037 848 151.000000 151.000000 0.000000 
65.053824 500 151.000000 151.000000 0.000000 
65.053824 576 151.000000 151.000000 0.000000 
65.053824 588 151.000000 151.000000 0.000000 
65.053824 664 151.000000 151.000000 0.000000 
65.053824 676 151.000000 151.000000 0.000000 
66.468037 552 151.000000 151.000000 0.000000 
66.468037 552 151.000000 151.000000 0.000000 
66.468037 444 151.000000 151.000000 0.000000 
66.468037 544 151.000000 151.000000 0.000000 
66.468037 432 151.000000 151.000000 0.000000 
66.468037 460 151.000000 151.000000 0.000000 
65.053824 476 151.000000 151.000000 0.000000 
62.225397 452 151.000000 151.000000 0.000000 
63.639610 556 151.000000 151.000000 0.000000 
63.639610 556 151.000000 151.000000 0.000000 
65.053824 848 151.000000 151.000000 0.000000 
65.053824 500 151.000000 151.000000 0.000000 
66.468037 464 151.000000 151.000000 0.000000 
66.468037 420 151.000000 151.000000 0.000000 
67.882251 508 151.000000 151.000000 0.000000 
67.882251 572 151.000000 151.000000 0.000000 
69.296465 688 151.000000 151.000000 0.000000 
69.296465 608 151.000000 151.000000 0.000000 
70.710678 660 151.000000 151.000000 0.000000 
70.710678 764 151.000000 151.000000 0.000000 
70.710678 764 151.000000 151.000000 0.000000 
70.710678 740 151.000000 151.000000 0.000000 
72.124892 776 151.000000 151.000000 0.000000 
72.124892 568 151.000000 151.000000 0.000000 
72.124892 536 151.000000 151.000000 0.000000 
72.124892 588 151.000000 151.000000 0.000000 
73.539105 664 151.000000 151.000000 0.000000 
73.539105 712 151.000000 151.000000 0.000000 
72.124892 652 151.000000 151.000000 0.000000 
73.539105 816 151.000000 151.000000 0.000000 
73.539105 652 151.000000 151.000000 0.000000 
73.539105 536 151.000000 151.000000 0.000000 
67.882251 472 151.000000 151.000000 0.000000 
67.882251 572 151.000000 151.000000 0.000000 
67.882251 432 151.000000 151.000000 0.000000 
69.296465 552 151.000000 151.000000 0.000000 
69.296465 452 151.000000 151.000000 0.000000 
69.296465 464 151.000000 151.000000 0.000000 
69.296465 600 151.000000 151.000000 0.000000 
70.710678 652 151.000000 151.000000 0.000000 
70.710678 704 151.000000 151.000000 0.000000 
72.124892 748 151.000000 151.000000 0.000000 
72.124892 856 151.000000 151.000000 0.000000 
72.124892 952 151.000000 151.000000 0.000000 
73.539105 1044 151.000000 151.000000 0.000000 
73.539105 888 151.000000 151.000000 0.000000 
74.953319 896 151.000000 151.000000 0.000000 
74.953319 892 151.000000 151.000000 0.000000 
73.539105 812 151.000000 151.000000 0.000000 
72.124892 852 151.000000 151.000000 0.000000 
72.124892 980 151.000000 151.000000 0.000000 
72.124892 940 151.000000 151.000000 0.000000 
73.539105 832 151.000000 151.000000 0.000000 
73.539105 876 151.000000 151.000000 0.000000 
73.539105 924 151.000000 151.000000 0.000000 
73.539105 916 151.000000 151.000000 0.000000 
73.539105 956 151.000000 151.000000 0.000000 
73.539105 976 151.000000 151.000000 0.000000 
74.953319 1216 151.000000 151.000000 0.000000 
74.953319 1108 151.000000 151.000000 0.000000 
74.953319 1044 151.000000 151.000000 0.000000 
74.953319 1052 151.000000 151.000000 0.000000 
69.296465 704 151.000000 151.000000 0.000000 
66.468037 848 151.000000 151.000000 0.000000 
65.053824 500 151.000000 151.000000 0.000000 
65.053824 576 151.000000 151.000000 0.000000 
65.053824 588 151.000000 151.000000 0.000000 
65.053824 664 151.000000 151.000000 0.000000 
65.053824 676 151.000000 151.000000 0.000000 
66.468037 552 151.000000 151.000000 0.000000 
66.468037 552 151.000000 151.000000 0.000000 
66.468037 444 151.000000 151.000000 0.000000 
66.468037 544 151.000000 151.000000 0.000000 
66.468037 432 151.000000 151.000000 0.000000 
66.468037 460 151.000000 151.000000 0.000000 
65.053824 476 151.000000 151.000000 0.000000 
62.225397 452 151.000000 151.000000 0.000000 
63.639610 556 151.000000 151.000000 0.000000 
63.639610 556 151.000000 151.000000 0.000000 
65.053824 848 151.000000 151.000000 0.000000 
65.053824 500 151.000000 151.000000 0.000000 
66.468037 464 151.000000 151.000000 0.000000 
66.468037 420 151.000000 151.000000 0.000000 
67.882251 508 151.000000 151.000000 0.000000 
67.882251 572 151.000000 151.000000 0.000000 
69.296465 688 151.000000 151.000000 0.000000 
69.296465 608 151.000000 151.000000 0.000000 
70.710678 660 151.000000 151.000000 0.000000 
70.710678 764 151.000000 151.000000 0.000000 
70.710678 764 151.000000 151.000000 0.000000 
70.710678 740 151.000000 151.000000 0.000000 
72.124892 776 151.000000 151.000000 0.000000 
72.124892 568 151.000000 151.000000 0.000000 
72.124892 536 151.000000 151.000000 0.000000 
72.124892 588 151.000000 151.000000 0.000000 
73.539105 664 151.000000 151.000000 0.000000 
73.539105 712 151.000000 151.000000 0.000000 
72.124892 652 151.000000 151.000000 0.000000 
73.539105 816 151.000000 151.000000 0.000000 
73.539105 652 151.000000 151.000000 0.000000 
73.539105 536 151.000000 151.000000 0.000000 
67.882251 472 151.000000 151.000000 0.000000 
67.882251 572 151.000000 151.000000 0.000000 
67.882251 432 151.000000 151.000000 0.000000 
69.296465 552 151.000000 151.000000 0.000000 
69.296465 452 151.000000 151.000000 0.000000 
69.296465 464 151.000000 151.000000 0.000000 
69.296465 600 151.000000 151.000000 0.000000 
70.710678 652 151.000000 151.000000 0.000000 
70.710678 704 151.000000 151.000000 0.000000 
72.124892 748 151.000000 151.000000 0.000000 
72.124892 856 151.000000 151.000000 0.000000 
72.124892 952 151.000000 151.000000 0.000000 
73.539105 1044 151.000000 151.000000 0.000000 
73.539105 888 151.000000 151.000000 0.000000 
74.953319 896 151.000000 151.000000 0.000000 
74.953319 892 151.000000 151.000000 0.000000 
73.539105 812 151.000000 151.000000 0.000000 
72.124892 852 151.000000 151.000000 0.000000 
72.124892 980 151.000000 151.000000 0.000000 
72.124892 940 151.000000 151.000000 0.000000 
73.539105 832 151.000000 151.000000 0.000000 
73.539105 876 151.000000 151.000000 0.000000 
73.539105 924 151.000000 151.000000 0.000000 
73.539105 916 151.000000 151.000000 0.000000 
73.539105 956 151.000000 151.000000 0.000000 
73.539105 976 151.000000 151.000000 0.000000 
74.953319 1216 151.000000 151.000000 0.000000 
74.953319 1108 151.000000 151.000000 0.000000 
74.953319 1044 151.000000 151.000000 0.000000 
74.953319 1060 151.000000 151.000000 0.000000 
69.296465 712 151.000000 151.000000 0.000000 
66.468037 848 151.000000 151.000000 0.000000 
65.053824 500 151.000000 151.000000 0.000000 
65.053824 576 151.000000 151.000000 0.000000 
65.053824 588 151.000000 151.000000 0.000000 
65.053824 664 151.000000 151.000000 0.000000 
65.053824 676 151.000000 151.000000 0.000000 
66.468037 552 151.000000 151.000000 0.000000 
66.468037 552 151.000000 151.000000 0.000000 
66.468037 444 151.000000 151.000000 0.000000 
66.468037 544 151.000000 151.000000 0.000000 
66.468037 432 151.000000 151.000000 0.000000 
66.468037 460 151.000000 151.000000 0.000000 
65.053824 476 151.000000 151.000000 0.000000 
62.225397 452 151.000000 151.000000 0.000000 
63.639610 556 151.000000 151.000000 0.000000 
63.639610 556 151.000000 151.000000 0.000000 
65.053824 848 151.000000 151.000000 0.000000 
65.053824 500 151.000000 151.000000 0.000000 
66.468037 464 151.000000 151.000000 0.000000 
66.468037 420 151.000000 151.000000 0.000000 
67.882251 508 151.000000 151.000000 0.000000 
67.882251 572 151.000000 151.000000 0.000000 
69.296465 688 151.000000 151.000000 0.000000 
69.296465 608 151.000000 151.000000 0.000000 
70.710678 660 151.000000 151.000000 0.000000 
70.710678 764 151.000000 151.000000 0.000000 
70.710678 764 151.000000 151.000000 0.000000 
70.710678 740 151.000000 151.000000 0.000000 
72.124892 776 151.000000 151.000000 0.000000 
72.124892 568 151.000000 151.000000 0.000000 
72.124892 536 151.000000 151.000000 0.000000 
72.124892 588 151.000000 151.000000 0.000000 
73.539105 664 151.000000 151.000000 0.000000 
73.539105 712 151.000000 151.000000 0.000000 
72.124892 652 151.000000 151.000000 0.000000 
73.539105 816 151.000000 151.000000 0.000000 
73.539105 652 151.000000 151.000000 0.000000 
73.539105 536 151.000000 151.000000 0.000000 
67.882251 472 151.000000 151.000000 0.000000 
67.882251 572 151.000000 151.000000 0.000000 
67.882251 432 151.000000 151.000000 0.000000 
69.296465 552 151.000000 151.000000 0.000000 
69.296465 452 151.000000 151.000000 0.000000 
69.296465 464 151.000000 151.000000 0.000000 
69.296465 600 151.000000 151.000000 0.000000 
70.710678 652 151.000000 151.000000 0.000000 
70.710678 704 151.000000 151.000000 0.000000 
72.124892 748 151.000000 151.000000 0.000000 
72.124892 856 151.000000 151.000000 0.000000 
72.124892 952 151.000000 151.000000 0.000000 
73.539105 1044 151.000000 151.000000 0.000000 
73.539105 888 151.000000 151.000000 0.000000 
74.953319 896 151.000000 151.000000 0.000000 
74.953319 892 151.000000 151.000000 0.000000 
73.539105 812 151.000000 151.000000 0.000000 
72.124892 852 151.000000 151.000000 0.000000 
72.124892 980 151.000000 151.000000 0.000000 
72.124892 940 151.000000 151.000000 0.000000 
73.539105 832 151.000000 151.000000 0.000000 
73.539105 876 151.000000 151.000000 0.000000 
73.539105 924 151.000000 151.000000 0.000000 
73.539105 916 151.000000 151.000000 0.000000 
73.539105 956 151.000000 151.000000 0.000000 
73.539105 976 151.000000 151.000000 0.000000 
74.953319 1216 151.000000 151.000000 0.000000 
74.953319 1108 151.000000 151.000000 0.000000 
74.953319 1044 151.000000 151.000000 0.000000 
74.953319 1052 151.000000 151.000000 0.000000 
69.296465 704 151.000000 151.000000 0.000000 
66.468037 848 151.000000 151.000000 0.000000 
65.053824 500 151.000000 151.000000 0.000000 
65.053824 576 151.000000 151.000000 0.000000 
65.053824 588 151.000000 151.000000 0.000000 
65.053824 664 151.000000 151.000000 0.000000 
65.053824 676 151.000000 151.000000 0.000000 
66.468037 552 151.000000 151.000000 0.000000 
66.468037 552 151.000000 151.000000 0.000000 
66.468037 444 151.000000 151.000000 0.000000 
66.468037 544 151.000000 151.000000 0.000000 
66.468037 432 151.000000 151.000000 0.000000 
66.468037 460 151.000000 151.000000 0.000000 
65.053824 476 151.000000 151.000000 0.000000 
62.225397 452 151.000000 151.000000 0.000000 
63.639610 556 151.000000 151.000000 0.000000 
63.639610 556 151.000000 151.000000 0.000000 
65.053824 848 151.000000 151.000000 0.000000 
65.053824 500 151.000000 151.000000 0.000000 
66.468037 464 151.000000 151.000000 0.000000 
66.468037 420 151.000000 151.000000 0.000000 
67.882251 508 151.000000 151.000000 0.000000 
67.882251 572 151.000000 151.000000 0.000000 
69.296465 688 151.000000 151.000000 0.000000 
69.296465 608 151.000000 151.000000 0.000000 
70.710678 660 151.000000 151.000000 0.000000 
70.710678 764 151.000000 151.000000 0.000000 
70.710678 764 151.000000 151.000000 0.000000 
70.710678 740 151.000000 151.000000 0.000000 
72.124892 776 151.000000 151.000000 0.000000 
72.124892 568 151.000000 151.000000 0.000000 
72.124892 536 151.000000 151.000000 0.000000 
72.124892 588 151.000000 151.000000 0.000000 
73.539105 664 151.000000 151.000000 0.000000 
73.539105 712 151.000000 151.000000 0.000000 
72.124892 652 151.000000 151.000000 0.000000 
73.539105 816 151.000000 151.000000 0.000000 
73.539105 652 151.000000 151.000000 0.000000 
73.539105 536 151.000000 151.000000 0.000000 
67.882251 472 151.000000 151.000000 0.000000 
67.882251 572 151.000000 151.000000 0.000000 
67.882251 432 151.000000 151.000000 0.000000 
69.296465 552 151.000000 151.000000 0.000000 
69.296465 452 151.000000 151.000000 0.000000 
69.296465 464 151.000000 151.000000 0.000000 
69.296465 600 151.000000 151.000000 0.000000 
70.710678 652 151.000000 151.000000 0.000000 
70.710678 704 151.000000 151.000000 0.000000 
72.124892 748 151.000000 151.000000 0.000000 
72.124892 856 151.000000 151.000000 0.000000 
72.124892 952 151.000000 151.000000 0.000000 
73.539105 1044 151.000000 151.000000 0.000000 
73.539105 888 151.000000 151.000000 0.000000 
74.953319 896 151.000000 151.000000 0.000000 
74.953319 892 151.000000 151.000000 0.000000 
73.539105 812 151.000000 151.000000 0.000000 
72.124892 852 151.000000 151.000000 0.000000 
72.124892 980 151.000000 151.000000 0.000000 
72.124892 940 151.000000 151.000000 0.000000 
73.539105 832 151.000000 151.000000 0.000000 
73.539105 876 151.000000 151.000000 0.000000 
73.539105 924 151.000000 151.000000 0.000000 
73.539105 916 151.000000 151.000000 0.000000 
73.539105 956 151.000000 151.000000 0.000000 
73.539105 976 151.000000 151.000000 0.000000 
74.953319 1216 151.000000 151.000000 0.000000 
74.953319 1108 151.000000 151.000000 0.000000 
74.953319 1044 151.000000 151.000000 0.000000 
74.953319 1060 151.000000 151.000000 0.000000 
69.296465 712 151.000000 151.000000 0.000000 
66.468037 848 151.000000 151.000000 0.000000 
65.053824 500 151.000000 151.000000 0.000000 
65.053824 576 151.000000 151.000000 0.000000 
65.053824 588 151.000000 151.000000 0.000000 
65.053824 664 151.000000 151.000000 0.000000 
65.053824 676 151.000000 151.000000 0.000000 
66.468037 552 151.000000 151.000000 0.000000 
66.468037 552 151.000000 151.000000 0.000000 
66.468037 444 151.000000 151.000000 0.000000 
66.468037 544 151.000000 151.000000 0.000000 
66.468037 432 151.000000 151.000000 0.000000 
66.468037 460 151.000000 151.000000 0.000000 
65.053824 476 151.000000 151.000000 0.000000 
62.225397 452 151.000000 151.000000 0.000000 
63.639610 556 151.000000 151.000000 0.000000 
63.639610 556 151.000000 151.000000 0.000000 
65.053824 848 151.000000 151.000000 0.000000 
65.053824 500 151.000000 151.000000 0.000000 
66.468037 464 151.000000 151.000000 0.000000 
66.468037 420 151.000000 151.000000 0.000000 
67.882251 508 151.000000 151.000000 0.000000 
67.882251 572 151.000000 151.000000 0.000000 
69.296465 688 151.000000 151.000000 0.000000 
69.296465 608 151.000000 151.000000 0.000000 
70.710678 660 151.000000 151.000000 0.000000 
70.710678 764 151.000000 151.000000 0.000000 
70.710678 764 151.000000 151.000000 0.000000 
70.710678 740 151.000000 151.000000 0.000000 
72.124892 776 151.000000 151.000000 0.000000 
72.124892 568 151.000000 151.000000 0.000000 
72.124892 536 151.000000 151.000000 0.000000 
72.124892 588 151.000000 151.000000 0.000000 
73.539105 664 151.000000 151.000000 0.000000 
73.539105 712 151.000000 151.000000 0.000000 
72.124892 652 151.000000 151.000000 0.000000 
73.539105 816 151.000000 151.000000 0.000000 
73.539105 652 151.000000 151.000000 0.000000 
73.539105 536 151.000000 151.000000 0.000000 
67.882251 472 151.000000 151.000000 0.000000 
67.882251 572 151.000000 151.000000 0.000000 
67.882251 432 151.000000 151.000000 0.000000 
69.296465 552 151.000000 151.000000 0.000000 
69.296465 452 151.000000 151.000000 0.000000 
69.296465 464 151.000000 151.000000 0.000000 
69.296465 600 151.000000 151.000000 0.000000 
70.710678 652 151.000000 151.000000 0.000000 
70.710678 704 151.000000 151.000000 0.000000 
72.124892 748 151.000000 151.000000 0.000000 
72.124892 856 151.000000 151.000000 0.000000 
72.124892 952 151.000000 151.000000 0.000000 
73.539105 1044 151.000000 151.000000 0.000000 
73.539105 888 151.000000 151.000000 0.000000 
74.953319 896 151.000000 151.000000 0.000000 
74.953319 892 151.000000 151.000000 0.000000 
73.539105 812 151.000000 151.000000 0.000000 
72.124892 852 151.000000 151.000000 0.000000 
72.124892 980 151.000000 151.000000 0.000000 
72.124892 940 151.000000 151.000000 0.000000 
73.539105 832 151.000000 151.000000 0.000000 
73.539105 876 151.000000 151.000000 0.000000 
73.539105 924 151.000000 151.000000 0.000000 
73.539105 916 151.000000 151.000000 0.000000 
73.539105 956 151.000000 151.000000 0.000000 
73.539105 976 151.000000 151.000000 0.000000 
74.953319 1216 151.000000 151.000000 0.000000 
74.953319 1108 151.000000 151.000000 0.000000 
74.953319 1044 151.000000 151.000000 0.000000 
74.953319 1052 151.000000 151.000000 0.000000 
69.296465 704 151.000000 151.000000 0.000000 
66.468037 848 151.000000 151.000000 0.000000 
65.053824 500 151.000000 151.000000 0.000000 
65.053824 576 151.000000 151.000000 0.000000 
65.053824 588 151.000000 151.000000 0.000000 
65.053824 664 151.000000 151.000000 0.000000 
65.053824 676 151.000000 151.000000 0.000000 
66.468037 552 151.000000 151.000000 0.000000 
66.468037 552 151.000000 151.000000 0.000000 
66.468037 444 151.000000 151.000000 0.000000 
66.468037 544 151.000000 151.000000 0.000000 
66.468037 432 151.000000 151.000000 0.000000 
66.468037 460 151.000000 151.000000 0.000000 
65.053824 476 151.000000 151.000000 0.000000 
62.225397 452 151.000000 151.000000 0.000000 
63.639610 556 151.000000 151.000000 0.000000 
63.639610 556 151.000000 151.000000 0.000000 
65.053824 848 151.000000 151.000000 0.000000 
65.053824 500 151.000000 151.000000 0.000000 
66.468037 464 151.000000 151.000000 0.000000 
66.468037 420 151.000000 151.000000 0.000000 
67.882251 508 151.000000 151.000000 0.000000 
67.882251 572 151.000000 151.000000 0.000000 
69.296465 688 151.000000 151.000000 0.000000 
69.296465 608 151.000000 151.000000 0.000000 
70.710678 660 151.000000 151.000000 0.000000 
70.710678 764 151.000000 151.000000 0.000000 
70.710678 764 151.000000 151.000000 0.000000 
70.710678 740 151.000000 151.000000 0.000000 
72.124892 776 151.000000 151.000000 0.000000 
72.124892 568 151.000000 151.000000 0.000000 
72.124892 536 151.000000 151.000000 0.000000 
72.124892 588 151.000000 151.000000 0.000000 
73.539105 664 151.000000 151.000000 0.000000 
73.539105 712 151.000000 151.000000 0.000000 
72.124892 652 151.000000 151.000000 0.000000 
73.539105 816 151.000000 151.000000 0.000000 
73.539105 652 151.000000 151.000000 0.000000 
73.539105 536 151.000000 151.000000 0.000000 
67.882251 472 151.000000 151.000000 0.000000 
67.882251 572 151.000000 151.000000 0.000000 
67.882251 432 151.000000 151.000000 0.000000 
69.296465 552 151.000000 151.000000 0.000000 
69.296465 452 151.000000 151.000000 0.000000 
69.296465 464 151.000000 151.000000 0.000000 
69.296465 600 151.000000 151.000000 0.000000 
70.710678 652 151.000000 151.000000 0.000000 
70.710678 704 151.000000 151.000000 0.000000 
72.124892 748 151.000000 151.000000 0.000000 
72.124892 856 151.000000 151.000000 0.000000 
72.124892 952 151.000000 151.000000 0.000000 
73.539105 1044 151.000000 151.000000 0.000000 
73.539105 888 151.000000 151.000000 0.000000 
74.953319 896 151.000000 151.000000 0.000000 
74.953319 892 151.000000 151.000000 0.000000 
73.539105 812 151.000000 151.000000 0.000000 
72.124892 852 151.000000 151.000000 0.000000 
72.124892 980 151.000000 151.000000 0.000000 
72.124892 940 151.000000 151.000000 0.000000 
73.539105 832 151.000000 151.000000 0.000000 
73.539105 876 151.000000 151.000000 0.000000 
73.539105 924 151.000000 151.000000 0.000000 
73.539105 916 151.000000 151.000000 0.000000 
73.539105 956 151.000000 151.000000 0.000000 
73.539105 976 151.000000 151.000000 0.000000 
74.953319 1216 151.000000 151.000000 0.000000 
74.953319 1108 151.000000 151.000000 0.000000 
74.953319 1044 151.000000 151.000000 0.000000 
74.953319 1060 151.000000 151.000000 0.000000 
69.296465 712 151.000000 151.000000 0.000000 
66.468037 848 151.000000 151.000000 0.000000 
65.053824 500 151.000000 151.000000 0.000000 
65.053824 576 151.000000 151.000000 0.000000 
65.053824 588 151.000000 151.000000 0.000000 
65.053824 664 151.000000 151.000000 0.000000 
65.053824 676 151.000000 151.000000 0.000000 
66.468037 552 151.000000 151.000000 0.000000 
66.468037 552 151.000000 151.000000 0.000000 
66.468037 444 151.000000 151.000000 0.000000 
66.468037 544 151.000000 151.000000 0.000000 
66.468037 432 151.000000 151.000000 0.000000 
66.468037 460 151.000000 151.000000 0.000000 
65.053824 476 151.000000 151.000000 0.000000 
62.225397 452 151.000000 151.000000 0.000000 
63.639610 556 151.000000 151.000000 0.000000 
63.639610 556 151.000000 151.000000 0.000000 
65.053824 848 151.000000 151.000000 0.000000 
65.053824 500 151.000000 151.000000 0.000000 
66.468037 464 151.000000 151.000000 0.000000 
66.468037 420 151.000000 151.000000 0.000000 
67.882251 508 151.000000 151.000000 0.000000 
67.882251 572 151.000000 151.000000 0.000000 
69.296465 688 151.000000 151.000000 0.000000 
69.296465 608 151.000000 151.000000 0.000000 
70.710678 660 151.000000 151.000000 0.000000 
70.710678 764 151.000000 151.000000 0.000000 
70.710678 764 151.000000 151.000000 0.000000 
70.710678 740 151.000000 151.000000 0.000000 
72.124892 776 151.000000 151.000000 0.000000 
72.124892 568 151.000000 151.000000 0.000000 
72.124892 536 151.000000 151.000000 0.000000 
72.124892 588 151.000000 151.000000 0.000000 
73.539105 664 151.000000 151.000000 0.000000 
73.539105 712 151.000000 151.000000 0.000000 
72.124892 652 151.000000 151.000000 0.000000 
73.539105 816 151.000000 151.000000 0.000000 
73.539105 652 151.000000 151.000000 0.000000 
73.539105 536 151.000000 151.000000 0.000000 
67.882251 472 151.000000 151.000000 0.000000 
67.882251 572 151.000000 151.000000 0.000000 
67.882251 432 151.000000 151.000000 0.000000 
69.296465 552 151.000000 151.000000 0.000000 
69.296465 452 151.000000 151.000000 0.000000 
69.296465 464 151.000000 151.000000 0.000000 
69.296465 600 151.000000 151.000000 0.000000 
70.710678 652 151.000000 151.000000 0.000000 
70.710678 704 151.000000 151.000000 0.000000 
72.124892 748 151.000000 151.000000 0.000000 
72.124892 856 151.000000 151.000000 0.000000 
72.124892 952 151.000000 151.000000 0.000000 
73.539105 1044 151.000000 151.000000 0.000000 
73.539105 888 151.000000 151.000000 0.000000 
74.953319 896 151.000000 151.000000 0.000000 
74.953319 892 151.000000 151.000000 0.000000 
73.539105 812 151.000000 151.000000 0.000000 
72.124892 852 151.000000 151.000000 0.000000 
72.124892 980 151.000000 151.000000 0.000000 
72.124892 940 151.000000 151.000000 0.000000 
73.539105 832 151.000000 151.000000 0.000000 
73.539105 876 151.000000 151.000000 0.000000 
73.539105 924 151.000000 151.000000 0.000000 
73.539105 916 151.000000 151.000000 0.000000 
73.539105 956 151.000000 151.000000 0.000000 
73.539105 976 151.000000 151.000000 0.000000 
74.953319 1216 151.000000 151.000000 0.000000 
74.953319 1108 151.000000 151.000000 0.000000 
74.953319 1044 151.000000 151.000000 0.000000 
74.953319 1052 151.000000 151.000000 0.000000 
69.296465 704 151.000000 151.000000 0.000000 
66.468037 848 151.000000 151.000000 0.000000 
65.053824 500 151.000000 151.000000 0.000000 
65.053824 576 151.000000 151.000000 0.000000 
65.053824 588 151.000000 151.000000 0.000000 
65.053824 664 151.000000 151.000000 0.000000 
65.053824 676 151.000000 151.000000 0.000000 
66.468037 552 151.000000 151.000000 0.000000 
66.468037 552 151.000000 151.000000 0.000000 
66.468037 444 151.000000 151.000000 0.000000 
66.468037 544 151.000000 151.000000 0.000000 
66.468037 432 151.000000 151.000000 0.000000 
66.468037 460 151.000000 151.000000 0.000000 
65.053824 476 151.000000 151.000000 0.000000 
62.225397 452 151.000000 151.000000 0.000000 
63.639610 556 151.000000 151.000000 0.000000 
63.639610 556 151.000000 151.000000 0.000000 
65.053824 848 151.000000 151.000000 0.000000 
65.053824 500 151.000000 151.000000 0.000000 
66.468037 464 151.000000 151.000000 0.000000 
66.468037 420 151.000000 151.000000 0.000000 
67.882251 508 151.000000 151.000000 0.000000 
67.882251 572 151.000000 151.000000 0.000000 
69.296465 688 151.000000 151.000000 0.000000 
69.296465 608 151.000000 151.000000 0.000000 
70.710678 660 151.000000 151.000000 0.000000 
70.710678 764 151.000000 151.000000 0.000000 
70.710678 764 151.000000 151.000000 0.000000 
70.710678 740 151.000000 151.000000 0.000000 
72.124892 776 151.000000 151.000000 0.000000 
72.124892 568 151.000000 151.000000 0.000000 
72.124892 536 151.000000 151.000000 0.000000 
72.124892 588 151.000000 151.000000 0.000000 
73.539105 664 151.000000 151.000000 0.000000 
73.539105 712 151.000000 151.000000 0.000000 
72.124892 652 151.000000 151.000000 0.000000 
73.539105 816 151.000000 151.000000 0.000000 
73.539105 652 151.000000 151.000000 0.000000 
73.539105 536 151.000000 151.000000 0.000000 
67.882251 472 151.000000 151.000000 0.000000 
67.882251 572 151.000000 151.000000 0.000000 
67.882251 432 151.000000 151.000000 0.000000 
69.296465 552 151.000000 151.000000 0.000000 
69.296465 452 151.000000 151.000000 0.000000 
69.296465 464 151.000000 151.000000 0.000000 
69.296465 600 151.000000 151.000000 0.000000 
70.710678 652 151.000000 151.000000 0.000000 
70.710678 704 151.000000 151.000000 0.000000 
72.124892 748 151.000000 151.000000 0.000000 
72.124892 856 151.000000 151.000000 0.000000 
72.124892 952 151.000000 151.000000 0.000000 
73.539105 1044 151.000000 151.000000 0.000000 
73.539105 888 151.000000 151.000000 0.000000 
74.953319 896 151.000000 151.000000 0.000000 
74.953319 892 151.000000 151.000000 0.000000 
73.539105 812 151.000000 151.000000 0.000000 
72.124892 852 151.000000 151.000000 0.000000 
72.124892 980 151.000000 151.000000 0.000000 
72.124892 940 151.000000 151.000000 0.000000 
73.539105 832 151.000000 151.000000 0.000000 
73.539105 876 151.000000 151.000000 0.000000 
73.539105 924 151.000000 151.000000 0.000000 
73.539105 916 151.000000 151.000000 0.000000 
73.539105 956 151.000000 151.000000 0.000000 
73.539105 976 151.000000 151.000000 0.000000 
74.953319 1216 151.000000 151.000000 0.000000 
74.953319 1108 151.000000 151.000000 0.000000 
74.953319 1044 151.000000 151.000000 0.000000 
74.953319 1060 151.000000 151.000000 0.000000 
69.296465 712 151.000000 151.000000 0.000000 
66.468037 848 151.000000 151.000000 0.000000 
65.053824 500 151.000000 151.000000 0.000000 
65.053824 576 151.000000 151.000000 0.000000 
65.053824 588 151.000000 151.000000 0.000000 
65.053824 664 151.000000 151.000000 0.000000 
65.053824 676 151.000000 151.000000 0.000000 
66.468037 552 151.000000 151.000000 0.000000 
66.468037 552 151.000000 151.000000 0.000000 
66.468037 444 151.000000 151.000000 0.000000 
66.468037 544 151.000000 151.000000 0.000000 
66.468037 432 151.000000 151.000000 0.000000 
66.468037 460 151.000000 151.000000 0.000000 
65.053824 476 151.000000 151.000000 0.000000 
62.225397 452 151.000000 151.000000 0.000000 
63.639610 556 151.000000 151.000000 0.000000 
63.639610 556 151.000000 151.000000 0.000000 
65.053824 848 151.000000 151.000000 0.000000 
65.053824 500 151.000000 151.000000 0.000000 
66.468037 464 151.000000 151.000000 0.000000 
66.468037 420 151.000000 151.000000 0.000000 
67.882251 508 151.000000 151.000000 0.000000 
67.882251 572 151.000000 151.000000 0.000000 
69.296465 688 151.000000 151.000000 0.000000 
69.296465 608 151.000000 151.000000 0.000000 
70.710678 660 151.000000 151.000000 0.000000 
70.710678 764 151.000000 151.000000 0.000000 
70.710678 764 151.000000 151.000000 0.000000 
70.710678 740 151.000000 151.000000 0.000000 
72.124892 776 151.000000 151.000000 0.000000 
72.124892 568 151.000000 151.000000 0.000000 
72.124892 536 151.000000 151.000000 0.000000 
72.124892 588 151.000000 151.000000 0.000000 
73.539105 664 151.000000 151.000000 0.000000 
73.539105 712 151.000000 151.000000 0.000000 
72.124892 652 151.000000 151.000000 0.000000 
73.539105 816 151.000000 151.000000 0.000000 
73.539105 652 151.000000 151.000000 0.000000 
73.539105 536 151.000000 151.000000 0.000000 
67.882251 472 151.000000 151.000000 0.000000 
67.882251 572 151.000000 151.000000 0.000000 
67.882251 432 151.000000 151.000000 0.000000 
69.296465 552 151.000000 151.000000 0.000000 
69.296465 452 151.000000 151.000000 0.000000 
69.296465 464 151.000000 151.000000 0.000000 
69.296465 600 151.000000 151.000000 0.000000 
70.710678 652 151.000000 151.000000 0.000000 
70.710678 704 151.000000 151.000000 0.000000 
72.124892 748 151.000000 151.000000 0.000000 
72.124892 856 151.000000 151.000000 0.000000 
72.124892 952 151.000000 151.000000 0.000000 
73.539105 1044 151.000000 151.000000 0.000000 
73.539105 888 151.000000 151.000000 0.000000 
74.953319 896 151.000000 151.000000 0.000000 
74.953319 892 151.000000 151.000000 0.000000 
73.539105 812 151.000000 151.000000 0.000000 
72.124892 852 151.000000 151.000000 0.000000 
72.124892 980 151.000000 151.000000 0.000000 
72.124892 940 151.000000 151.000000 0.000000 
73.539105 832 151.000000 151.000000 0.000000 
73.539105 876 151.000000 151.000000 0.000000 
73.539105 924 151.000000 151.000000 0.000000 
73.539105 916 151.000000 151.000000 0.000000 
73.539105 956 151.000000 151.000000 0.000000 
73.539105 976 151.000000 151.000000 0.000000 
74.953319 1216 151.000000 151.000000 0.000000 
74.953319 1108 151.000000 151.000000 0.000000 
74.953319 1044 151.000000 151.000000 0.000000 
74.953319 1052 151.000000 151.000000 0.000000 
69.296465 704 151.000000 151.000000 0.000000 
66.468037 848 151.000000 151.000000 0.000000 
65.053824 500 151.000000 151.000000 0.000000 
65.053824 576 151.000000 151.000000 0.000000 
65.053824 588 151.000000 151.000000 0.000000 
65.053824 664 151.000000 151.000000 0.000000 
65.053824 676 151.000000 151.000000 0.000000 
66.468037 552 151.000000 151.000000 0.000000 
66.468037 552 151.000000 151.000000 0.000000 
66.468037 444 151.000000 151.000000 0.000000 
66.468037 544 151.000000 151.000000 0.000000 
66.468037 432 151.000000 151.000000 0.000000 
66.468037 460 151.000000 151.000000 0.000000 
65.053824 476 151.000000 151.000000 0.000000 
62.225397 452 151.000000 151.000000 0.000000 
63.639610 556 151.000000 151.000000 0.000000 
63.639610 556 151.000000 151.000000 0.000000 
65.053824 848 151.000000 151.000000 0.000000 
65.053824 500 151.000000 151.000000 0.000000 
66.468037 464 151.000000 151.000000 0.000000 
66.468037 420 151.000000 151.000000 0.000000 
67.882251 508 151.000000 151.000000 0.000000 
67.882251 572 151.000000 151.000000 0.000000 
69.296465 688 151.000000 151.000000 0.000000 
69.296465 608 151.000000 151.000000 0.000000 
70.710678 660 151.000000 151.000000 0.000000 
70.710678 764 151.000000 151.000000 0.000000 
70.710678 764 151.000000 151.000000 0.000000 
70.710678 740 151.000000 151.000000 0.000000 
72.124892 776 151.000000 151.000000 0.000000 
72.124892 568 151.000000 151.000000 0.000000 
72.124892 536 151.000000 151.000000 0.000000 
72.124892 588 151.000000 151.000000 0.000000 
73.539105 664 151.000000 151.000000 0.000000 
73.539105 712 151.000000 151.000000 0.000000 
72.124892 652 151.000000 151.000000 0.000000 
73.539105 816 151.000000 151.000000 0.000000 
73.539105 652 151.000000 151.000000 0.000000 
73.539105 536 151.000000 151.000000 0.000000 
67.882251 472 151.000000 151.000000 0.000000 
67.882251 572 151.000000 151.000000 0.000000 
67.882251 432 151.000000 151.000000 0.000000 
69.296465 552 151.000000 151.000000 0.000000 
69.296465 452 151.000000 151.000000 0.000000 
69.296465 464 151.000000 151.000000 0.000000 
69.296465 600 151.000000 151.000000 0.000000 
70.710678 652 151.000000 151.000000 0.000000 
70.710678 704 151.000000 151.000000 0.000000 
72.124892 748 151.000000 151.000000 0.000000 
72.124892 856 151.000000 151.000000 0.000000 
72.124892 952 151.000000 151.000000 0.000000 
73.539105 1044 151.000000 151.000000 0.000000 
73.539105 888 151.000000 151.000000 0.000000 
74.953319 896 151.000000 151.000000 0.000000 
74.953319 892 151.000000 151.000000 0.000000 
73.539105 812 151.000000 151.000000 0.000000 
72.124892 852 151.000000 151.000000 0.000000 
72.124892 980 151.000000 151.000000 0.000000 
72.124892 940 151.000000 151.000000 0.000000 
73.539105 832 151.000000 151.000000 0.000000 
73.539105 876 151.000000 151.000000 0.000000 
73.539105 924 151.000000 151.000000 0.000000 
73.539105 916 151.000000 151.000000 0.000000 
73.539105 956 151.000000 151.000000 0.000000 
73.539105 976 151.000000 151.000000 0.000000 
74.953319 1216 151.000000 151.000000 0.000000 
74.953319 1108 151.000000 151.000000 0.000000 
74.953319 1044 151.000000 151.000000 0.000000 
74.953319 1060 151.000000 151.000000 0.000000 
69.296465 712 151.000000 151.000000 0.000000 
66.468037 848 151.000000 151.000000 0.000000 
65.053824 500 151.000000 151.000000 0.000000 
65.053824 576 151.000000 151.000000 0.000000 
65.053824 588 151.000000 151.000000 0.000000 
65.053824 664 151.000000 151.000000 0.000000 
65.053824 676 151.000000 151.000000 0.000000 
66.468037 552 151.000000 151.000000 0.000000 
66.468037 552 151.000000 151.000000 0.000000 
66.468037 444 151.000000 151.000000 0.000000 
66.468037 544 151.000000 151.000000 0.000000 
66.468037 432 151.000000 151.000000 0.000000 
66.468037 460 151.000000 151.000000 0.000000 
65.053824 476 151.000000 151.000000 0.000000 
62.225397 452 151.000000 151.000000 0.000000 
63.639610 556 151.000000 151.000000 0.000000 
63.639610 556 151.000000 151.000000 0.000000 
65.053824 848 151.000000 151.000000 0.000000 
65.053824 500 151.000000 151.000000 0.000000 
66.468037 464 151.000000 151.000000 0.000000 
66.468037 420 151.000000 151.000000 0.000000 
67.882251 508 151.000000 151.000000 0.000000 
67.882251 572 151.000000 151.000000 0.000000 
69.296465 688 151.000000 151.000000 0.000000 
69.296465 608 151.000000 151.000000 0.000000 
70.710678 660 151.000000 151.000000 0.000000 
70.710678 764 151.000000 151.000000 0.000000 
70.710678 764 151.000000 151.000000 0.000000 
70.710678 740 151.000000 151.000000 0.000000 
72.124892 776 151.000000 151.000000 0.000000 
72.124892 568 151.000000 151.000000 0.000000 
72.124892 536 151.000000 151.000000 0.000000 
72.124892 588 151.000000 151.000000 0.000000 
73.539105 664 151.000000 151.000000 0.000000 
73.539105 712 151.000000 151.000000 0.000000 
72.124892 652 151.000000 151.000000 0.000000 
73.539105 816 151.000000 151.000000 0.000000 
73.539105 652 151.000000 151.000000 0.000000 
73.539105 536 151.000000 151.000000 0.000000 
67.882251 472 151.000000 151.000000 0.000000 
67.882251 572 151.000000 151.000000 0.000000 
67.882251 432 151.000000 151.000000 0.000000 
69.296465 552 151.000000 151.000000 0.000000 
69.296465 452 151.000000 151.000000 0.000000 
69.296465 464 151.000000 151.000000 0.000000 
69.296465 600 151.000000 151.000000 0.000000 
70.710678 652 151.000000 151.000000 0.000000 
70.710678 704 151.000000 151.000000 0.000000 
72.124892 748 151.000000 151.000000 0.000000 
72.124892 856 151.000000 151.000000 0.000000 
72.124892 952 151.000000 151.000000 0.000000 
73.539105 1044 151.000000 151.000000 0.000000 
73.539105 888 151.000000 151.000000 0.000000 
74.953319 896 151.000000 151.000000 0.000000 
74.953319 892 151.000000 151.000000 0.000000 
73.539105 812 151.000000 151.000000 0.000000 
72.124892 852 151.000000 151.000000 0.000000 
72.124892 980 151.000000 151.000000 0.000000 
72.124892 940 151.000000 151.000000 0.000000 
73.539105 832 151.000000 151.000000 0.000000 
73.539105 876 151.000000 151.000000 0.000000 
73.539105 924 151.000000 151.000000 0.000000 
73.539105 916 151.000000 151.000000 0.000000 
73.539105 956 151.000000 151.000000 0.000000 
73.539105 976 151.000000 151.000000 0.000000 
74.953319 1216 151.000000 151.000000 0.000000 
74.953319 1108 151.000000 151.000000 0.000000 
74.953319 1044 151.000000 151.000000 0.000000 
74.953319 1052 151.000000 151.000000 0.000000 
69.296465 704 151.000000 151.000000 0.000000 
66.468037 848 151.000000 151.000000 0.000000 
65.053824 500 151.000000 151.000000 0.000000 
65.053824 576 151.000000 151.000000 0.000000 
65.053824 588 151.000000 151.000000 0.000000 
65.053824 664 151.000000 151.000000 0.000000 
65.053824 676 151.000000 151.000000 0.000000 
66.468037 552 151.000000 151.000000 0.000000 
66.468037 552 151.000000 151.000000 0.000000 
66.468037 444 151.000000 151.000000 0.000000 
66.468037 544 151.000000 151.000000 0.000000 
66.468037 432 151.000000 151.000000 0.000000 
66.468037 460 151.000000 151.000000 0.000000 
65.053824 476 151.000000 151.000000 0.000000 
62.225397 452 151.000000 151.000000 0.000000 
63.639610 556 151.000000 151.000000 0.000000 
63.639610 556 151.000000 151.000000 0.000000 
65.053824 848 151.000000 151.000000 0.000000 
65.053824 500 151.000000 151.000000 0.000000 
66.468037 464 151.000000 151.000000 0.000000 
66.468037 420 151.000000 151.000000 0.000000 
67.882251 508 151.000000 151.000000 0.000000 
67.882251 572 151.000000 151.000000 0.000000 
69.296465 688 151.000000 151.000000 0.000000 
69.296465 608 151.000000 151.000000 0.000000 
70.710678 660 151.000000 151.000000 0.000000 
70.710678 764 151.000000 151.000000 0.000000 
70.710678 764 151.000000 151.000000 0.000000 
70.710678 740 151.000000 151.000000 0.000000 
72.124892 776 151.000000 151.000000 0.000000 
72.124892 568 151.000000 151.000000 0.000000 
72.124892 536 151.000000 151.000000 0.000000 
72.124892 588 151.000000 151.000000 0.000000 
73.539105 664 151.000000 151.000000 0.000000 
73.539105 712 151.000000 151.000000 0.000000 
72.124892 652 151.000000 151.000000 0.000000 
73.539105 816 151.000000 151.000000 0.000000 
73.539105 652 151.000000 151.000000 0.000000 
73.539105 536 151.000000 151.000000 0.000000 
67.882251 472 151.000000 151.000000 0.000000 
67.882251 572 151.000000 151.000000 0.000000 
67.882251 432 151.000000 151.000000 0.000000 
69.296465 552 151.000000 151.000000 0.000000 
69.296465 452 151.000000 151.000000 0.000000 
69.296465 464 151.000000 151.000000 0.000000 
69.296465 600 151.000000 151.000000 0.000000 
70.710678 652 151.000000 151.000000 0.000000 
70.710678 704 151.000000 151.000000 0.000000 
72.124892 748 151.000000 151.000000 0.000000 
72.124892 856 151.000000 151.000000 0.000000 
72.124892 952 151.000000 151.000000 0.000000 
73.539105 1044 151.000000 151.000000 0.000000 
73.539105 888 151.000000 151.000000 0.000000 
74.953319 896 151.000000 151.000000 0.000000 
74.953319 892 151.000000 151.000000 0.000000 
73.539105 812 151.000000 151.000000 0.000000 
72.124892 852 151.000000 151.000000 0.000000 
72.124892 980 151.000000 151.000000 0.000000 
72.124892 940 151.000000 151.000000 0.000000 
73.539105 832 151.000000 151.000000 0.000000 
73.539105 876 151.000000 151.000000 0.000000 
73.539105 924 151.000000 151.000000 0.000000 
73.539105 916 151.000000 151.000000 0.000000 
73.539105 956 151.000000 151.000000 0.000000 
73.539105 976 151.000000 151.000000 0.000000 
74.953319 1216 151.000000 151.000000 0.000000 
74.953319 1108 151.000000 151.000000 0.000000 
74.953319 1044 151.000000 151.000000 0.000000 
74.953319 1060 151.000000 151.000000 0.000000 
69.296465 712 151.000000 151.000000 0.000000 
66.468037 848 151.000000 151.000000 0.000000 
65.053824 500 151.000000 151.000000 0.000000 
65.053824 576 151.000000 151.000000 0.000000 
65.053824 588 151.000000 151.000000 0.000000 
65.053824 664 151.000000 151.000000 0.000000 
65.053824 676 151.000000 151.000000 0.000000 
66.468037 552 151.000000 151.000000 0.000000 
66.468037 552 151.000000 151.000000 0.000000 
66.468037 444 151.000000 151.000000 0.000000 
66.468037 544 151.000000 151.000000 0.000000 
66.468037 432 151.000000 151.000000 0.000000 
66.468037 460 151.000000 151.000000 0.000000 
65.053824 476 151.000000 151.000000 0.000000 
62.225397 452 151.000000 151.000000 0.000000 
63.639610 556 151.000000 151.000000 0.000000 
63.639610 556 151.000000 151.000000 0.000000 
65.053824 848 151.000000 151.000000 0.000000 
65.053824 500 151.000000 151.000000 0.000000 
66.468037 464 151.000000 151.000000 0.000000 
66.468037 420 151.000000 151.000000 0.000000 
67.882251 508 151.000000 151.000000 0.000000 
67.882251 572 151.000000 151.000000 0.000000 
69.296465 688 151.000000 151.000000 0.000000 
69.296465 608 151.000000 151.000000 0.000000 
70.710678 660 151.000000 151.000000 0.000000 
70.710678 764 151.000000 151.000000 0.000000 
70.710678 764 151.000000 151.000000 0.000000 
70.710678 740 151.000000 151.000000 0.000000 
72.124892 776 151.000000 151.000000 0.000000 
72.124892 568 151.000000 151.000000 0.000000 
72.124892 536 151.000000 151.000000 0.000000 
72.124892 588 151.000000 151.000000 0.000000 
73.539105 664 151.000000 151.000000 0.000000 
73.539105 712 151.000000 151.000000 0.000000 
72.124892 652 151.000000 151.000000 0.000000 
73.539105 816 151.000000 151.000000 0.000000 
73.539105 652 151.000000 151.000000 0.000000 
73.539105 536 151.000000 151.000000 0.000000 
67.882251 472 151.000000 151.000000 0.000000 
67.882251 572 151.000000 151.000000 0.000000 
67.882251 432 151.000000 151.000000 0.000000 
69.296465 552 151.000000 151.000000 0.000000 
69.296465 452 151.000000 151.000000 0.000000 
69.296465 464 151.000000 151.000000 0.000000 
69.296465 600 151.000000 151.000000 0.000000 
70.710678 652 151.000000 151.000000 0.000000 
70.710678 704 151.000000 151.000000 0.000000 
72.124892 748 151.000000 151.000000 0.000000 
72.124892 856 151.000000 151.000000 0.000000 
72.124892 952 151.000000 151.000000 0.000000 
73.539105 1044 151.000000 151.000000 0.000000 
73.539105 888 151.000000 151.000000 0.000000 
74.953319 896 151.000000 151.000000 0.000000 
74.953319 892 151.000000 151.000000 0.000000 
73.539105 812 151.000000 151.000000 0.000000 
72.124892 852 151.000000 151.000000 0.000000 
72.124892 980 151.000000 151.000000 0.000000 
72.124892 940 151.000000 151.000000 0.000000 
73.539105 832 151.000000 151.000000 0.000000 
73.539105 876 151.000000 151.000000 0.000000 
73.539105 924 151.000000 151.000000 0.000000 
73.539105 916 151.000000 151.000000 0.000000 
73.539105 956 151.000000 151.000000 0.000000 
73.539105 976 151.000000 151.000000 0.000000 
74.953319 1216 151.000000 151.000000 0.000000 
74.953319 1108 151.000000 151.000000 0.000000 
74.953319 1044 151.000000 151.000000 0.000000 
74.953319 1052 151.000000 151.000000 0.000000 
69.296465 704 151.000000 151.000000 0.000000 
66.468037 848 151.000000 151.000000 0.000000 
65.053824 500 151.000000 151.000000 0.000000 
65.053824 576 151.000000 151.000000 0.000000 
65.053824 588 151.000000 151.000000 0.000000 
65.053824 664 151.000000 151.000000 0.000000 
65.053824 676 151.000000 151.000000 0.000000 
66.468037 552 151.000000 151.000000 0.000000 
66.468037 552 151.000000 151.000000 0.000000 
66.468037 444 151.000000 151.000000 0.000000 
66.468037 544 151.000000 151.000000 0.000000 
66.468037 432 151.000000 151.000000 0.000000 
66.468037 460 151.000000 151.000000 0.000000 
65.053824 476 151.000000 151.000000 0.000000 
62.225397 452 151.000000 151.000000 0.000000 
63.639610 556 151.000000 151.000000 0.000000 
63.639610 556 151.000000 151.000000 0.000000 
65.053824 848 151.000000 151.000000 0.000000 
65.053824 500 151.000000 151.000000 0.000000 
66.468037 464 151.000000 151.000000 0.000000 
66.468037 420 151.000000 151.000000 0.000000 
67.882251 508 151.000000 151.000000 0.000000 
67.882251 572 151.000000 151.000000 0.000000 
69.296465 688 151.000000 151.000000 0.000000 
69.296465 608 151.000000 151.000000 0.000000 
70.710678 660 151.000000 151.000000 0.000000 
70.710678 764 151.000000 151.000000 0.000000 
70.710678 764 151.000000 151.000000 0.000000 
70.710678 740 151.000000 151.000000 0.000000 
72.124892 776 151.000000 151.000000 0.000000 
72.124892 568 151.000000 151.000000 0.000000 
72.124892 536 151.000000 151.000000 0.000000 
72.124892 588 151.000000 151.000000 0.000000 
73.539105 664 151.000000 151.000000 0.000000 
73.539105 712 151.000000 151.000000 0.000000 
72.124892 652 151.000000 151.000000 0.000000 
73.539105 816 151.000000 151.000000 0.000000 
73.539105 652 151.000000 151.000000 0.000000 
73.539105 536 151.000000 151.000000 0.000000 
67.882251 472 151.000000 151.000000 0.000000 
67.882251 572 151.000000 151.000000 0.000000 
67.882251 432 151.000000 151.000000 0.000000 
69.296465 552 151.000000 151.000000 0.000000 
69.296465 452 151.000000 151.000000 0.000000 
69.296465 464 151.000000 151.000000 0.000000 
69.296465 600 151.000000 151.000000 0.000000 
70.710678 652 151.000000 151.000000 0.000000 
70.710678 704 151.000000 151.000000 0.000000 
72.124892 748 151.000000 151.000000 0.000000 
72.124892 856 151.000000 151.000000 0.000000 
72.124892 952 151.000000 151.000000 0.000000 
73.539105 1044 151.000000 151.000000 0.000000 
73.539105 888 151.000000 151.000000 0.000000 
74.953319 896 151.000000 151.000000 0.000000 
74.953319 892 151.000000 151.000000 0.000000 
73.539105 812 151.000000 151.000000 0.000000 
72.124892 852 151.000000 151.000000 0.000000 
72.124892 980 151.000000 151.000000 0.000000 
72.124892 940 151.000000 151.000000 0.000000 
73.539105 832 151.000000 151.000000 0.000000 
73.539105 876 151.000000 151.000000 0.000000 
73.539105 924 151.000000 151.000000 0.000000 
73.539105 916 151.000000 151.000000 0.000000 
73.539105 956 151.000000 151.000000 0.000000 
73.539105 976 151.000000 151.000000 0.000000 
74.953319 1216 151.000000 151.000000 0.000000 
74.953319 1108 151.000000 151.000000 0.000000 
74.953319 1044 151.000000 151.000000 0.000000 
74.953319 1060 151.000000 151.000000 0.000000 
69.296465 712 151.000000 151.000000 0.000000 
66.468037 848 151.000000 151.000000 0.000000 
65.053824 500 151.000000 151.000000 0.000000 
65.053824 576 151.000000 151.000000 0.000000 
65.053824 588 151.000000 151.000000 0.000000 
65.053824 664 151.000000 151.000000 0.000000 
65.053824 676 151.000000 151.000000 0.000000 
66.468037 552 151.000000 151.000000 0.000000 
66.468037 552 151.000000 151.000000 0.000000 
66.468037 444 151.000000 151.000000 0.000000 
66.468037 544 151.000000 151.000000 0.000000 
66.468037 432 151.000000 151.000000 0.000000 
66.468037 460 151.000000 151.000000 0.000000 
65.053824 476 151.000000 151.000000 0.000000 
62.225397 452 151.000000 151.000000 0.000000 
63.639610 556 151.000000 151.000000 0.000000 
63.639610 556 151.000000 151.000000 0.000000 
65.053824 848 151.000000 151.000000 0.000000 
65.053824 500 151.000000 151.000000 0.000000 
66.468037 464 151.000000 151.000000 0.000000 
66.468037 420 151.000000 151.000000 0.000000 
67.882251 508 151.000000 151.000000 0.000000 
67.882251 572 151.000000 151.000000 0.000000 
69.296465 688 151.000000 151.000000 0.000000 
69.296465 608 151.000000 151.000000 0.000000 
70.710678 660 151.000000 151.000000 0.000000 
70.710678 764 151.000000 151.000000 0.000000 
70.710678 764 151.000000 151.000000 0.000000 
70.710678 740 151.000000 151.000000 0.000000 
72.124892 776 151.000000 151.000000 0.000000 
72.124892 568 151.000000 151.000000 0.000000 
72.124892 536 151.000000 151.000000 0.000000 
72.124892 588 151.000000 151.000000 0.000000 
73.539105 664 151.000000 151.000000 0.000000 
73.539105 712 151.000000 151.000000 0.000000 
72.124892 652 151.000000 151.000000 0.000000 
73.539105 816 151.000000 151.000000 0.000000 
73.539105 652 151.000000 151.000000 0.000000 
73.539105 536 151.000000 151.000000 0.000000 
67.882251 472 151.000000 151.000000 0.000000 
67.882251 572 151.000000 151.000000 0.000000 
67.882251 432 151.000000 151.000000 0.000000 
69.296465 552 151.000000 151.000000 0.000000 
69.296465 452 151.000000 151.000000 0.000000 
69.296465 464 151.000000 151.000000 0.000000 
69.296465 600 151.000000 151.000000 0.000000 
70.710678 652 151.000000 151.000000 0.000000 
70.710678 704 151.000000 151.000000 0.000000 
72.124892 748 151.000000 151.000000 0.000000 
72.124892 856 151.000000 151.000000 0.000000 
72.124892 952 151.000000 151.000000 0.000000 
73.539105 1044 151.000000 151.000000 0.000000 
73.539105 888 151.000000 151.000000 0.000000 
74.953319 896 151.000000 151.000000 0.000000 
74.953319 892 151.000000 151.000000 0.000000 
73.539105 812 151.000000 151.000000 0.000000 
72.124892 852 151.000000 151.000000 0.000000 
72.124892 980 151.000000 151.000000 0.000000 
72.124892 940 151.000000 151.000000 0.000000 
73.539105 832 151.000000 151.000000 0.000000 
73.539105 876 151.000000 151.000000 0.000000 
73.539105 924 151.000000 151.000000 0.000000 
73.539105 916 151.000000 151.000000 0.000000 
73.539105 956 151.000000 151.000000 0.000000 
73.539105 976 151.000000 151.000000 0.000000 
74.953319 1216 151.000000 151.000000 0.000000 
74.953319 1108 151.000000 151.000000 0.000000 
74.953319 1044 151.000000 151.000000 0.000000 
74.953319 1052 151.000000 151.000000 0.000000 
69.296465 704 151.000000 151.000000 0.000000 
66.468037 848 151.000000 151.000000 0.000000 
65.053824 500 151.000000 151.000000 0.000000 
65.053824 576 151.000000 151.000000 0.000000 
65.053824 588 151.000000 151.000000 0.000000 
65.053824 664 151.000000 151.000000 0.000000 
65.053824 676 151.000000 151.000000 0.000000 
66.468037 552 151.000000 151.000000 0.000000 
66.468037 552 151.000000 151.000000 0.000000 
66.468037 444 151.000000 151.000000 0.000000 
66.468037 544 151.000000 151.000000 0.000000 
66.468037 432 151.000000 151.000000 0.000000 
66.468037 460 151.000000 151.000000 0.000000 
65.053824 476 151.000000 151.000000 0.000000 
62.225397 452 151.000000 151.000000 0.000000 
63.639610 556 151.000000 151.000000 0.000000 
63.639610 556 151.000000 151.000000 0.000000 
65.053824 848 151.000000 151.000000 0.000000 
65.053824 500 151.000000 151.000000 0.000000 
66.468037 464 151.000000 151.000000 0.000000 
66.468037 420 151.000000 151.000000 0.000000 
67.882251 508 151.000000 151.000000 0.000000 
67.882251 572 151.000000 151.000000 0.000000 
69.296465 688 151.000000 151.000000 0.000000 
69.296465 608 151.000000 151.000000 0.000000 
70.710678 660 151.000000 151.000000 0.000000 
70.710678 764 151.000000 151.000000 0.000000 
70.710678 764 151.000000 151.000000 0.000000 
70.710678 740 151.000000 151.000000 0.000000 
72.124892 776 151.000000 151.000000 0.000000 
72.124892 568 151.000000 151.000000 0.000000 
72.124892 536 151.000000 151.000000 0.000000 
72.124892 588 151.000000 151.000000 0.000000 
73.539105 664 151.000000 151.000000 0.000000 
73.539105 712 151.000000 151.000000 0.000000 
72.124892 652 151.000000 151.000000 0.000000 
73.539105 816 151.000000 151.000000 0.000000 
73.539105 652 151.000000 151.000000 0.000000 
73.539105 536 151.000000 151.000000 0.000000 
67.882251 472 151.000000 151.000000 0.000000 
67.882251 572 151.000000 151.000000 0.000000 
67.882251 432 151.000000 151.000000 0.000000 
69.296465 552 151.000000 151.000000 0.000000 
69.296465 452 151.000000 151.000000 0.000000 
69.296465 464 151.000000 151.000000 0.000000 
69.296465 600 151.000000 151.000000 0.000000 
70.710678 652 151.000000 151.000000 0.000000 
70.710678 704 151.000000 151.000000 0.000000 
72.124892 748 151.000000 151.000000 0.000000 
72.124892 856 151.000000 151.000000 0.000000 
72.124892 952 151.000000 151.000000 0.000000 
73.539105 1044 151.000000 151.000000 0.000000 
73.539105 888 151.000000 151.000000 0.000000 
74.953319 896 151.000000 151.000000 0.000000 
74.953319 892 151.000000 151.000000 0.000000 
73.539105 812 151.000000 151.000000 0.000000 
72.124892 852 151.000000 151.000000 0.000000 
72.124892 980 151.000000 151.000000 0.000000 
72.124892 940 151.000000 151.000000 0.000000 
73.539105 832 151.000000 151.000000 0.000000 
73.539105 876 151.000000 151.000000 0.000000 
73.539105 924 151.000000 151.000000 0.000000 
73.539105 916 151.000000 151.000000 0.000000 
73.539105 956 151.000000 151.000000 0.000000 
73.539105 976 151.000000 151.000000 0.000000 
74.953319 1216 151.000000 151.000000 0.000000 
74.953319 1108 151.000000 151.000000 0.000000 
74.953319 1044 151.000000 151.000000 0.000000 
74.953319 1060 151.000000 151.000000 0.000000 
69.296465 712 151.000000 151.000000 0.000000 
66.468037 848 151.000000 151.000000 0.000000 
65.053824 500 151.000000 151.000000 0.000000 
65.053824 576 151.000000 151.000000 0.000000 
65.053824 588 151.000000 151.000000 0.000000 
65.053824 664 151.000000 151.000000 0.000000 
65.053824 676 151.000000 151.000000 0.000000 
66.468037 552 151.000000 151.000000 0.000000 
66.468037 552 151.000000 151.000000 0.000000 
66.468037 444 151.000000 151.000000 0.000000 
66.468037 544 151.000000 151.000000 0.000000 
66.468037 432 151.000000 151.000000 0.000000 
66.468037 460 151.000000 151.000000 0.000000 
65.053824 476 151.000000 151.000000 0.000000 
62.225397 452 151.000000 151.000000 0.000000 
63.639610 556 151.000000 151.000000 0.000000 
63.639610 556 151.000000 151.000000 0.000000 
65.053824 848 151.000000 151.000000 0.000000 
65.053824 500 151.000000 151.000000 0.000000 
66.468037 464 151.000000 151.000000 0.000000 
66.468037 420 151.000000 151.000000 0.000000 
67.882251 508 151.000000 151.000000 0.000000 
67.882251 572 151.000000 151.000000 0.000000 
69.296465 688 151.000000 151.000000 0.000000 
69.296465 608 151.000000 151.000000 0.000000 
70.710678 660 151.000000 151.000000 0.000000 
70.710678 764 151.000000 151.000000 0.000000 
70.710678 764 151.000000 151.000000 0.000000 
70.710678 740 151.000000 151.000000 0.000000 
72.124892 776 151.000000 151.000000 0.000000 
72.124892 568 151.000000 151.000000 0.000000 
72.124892 536 151.000000 151.000000 0.000000 
72.124892 588 151.000000 151.000000 0.000000 
73.539105 664 151.000000 151.000000 0.000000 
73.539105 712 151.000000 151.000000 0.000000 
72.124892 652 151.000000 151.000000 0.000000 
73.539105 816 151.000000 151.000000 0.000000 
73.539105 652 151.000000 151.000000 0.000000 
73.539105 536 151.000000 151.000000 0.000000 
67.882251 472 151.000000 151.000000 0.000000 
67.882251 572 151.000000 151.000000 0.000000 
67.882251 432 151.000000 151.000000 0.000000 
69.296465 552 151.000000 151.000000 0.000000 
69.296465 452 151.000000 151.000000 0.000000 
69.296465 464 151.000000 151.000000 0.000000 
69.296465 600 151.000000 151.000000 0.000000 
70.710678 652 151.000000 151.000000 0.000000 
70.710678 704 151.000000 151.000000 0.000000 
