0.000000 40.176910
86400.000000 40.136815
172800.000000 40.131328
259200.000000 40.111965
345600.000000 40.092362
432000.000000 40.067925
518400.000000 40.038756
604800.000000 40.004789
691200.000000 39.966014
777600.000000 39.922459
864000.000000 39.874177
950400.000000 39.821239
1036800.000000 39.763732
1123200.000000 39.701751
1209600.000000 39.635404
1296000.000000 39.564805
1382400.000000 39.490074
1468800.000000 39.411338
1555200.000000 39.328729
1641600.000000 39.242381
1728000.000000 39.152435
1814400.000000 39.059030
1900800.000000 38.962312
1987200.000000 38.862425
2073600.000000 38.759514
2160000.000000 38.653727
2246400.000000 38.545207
2332800.000000 38.434101
2419200.000000 38.320553
2505600.000000 38.204705
2592000.000000 38.086697
2678400.000000 37.966668
2764800.000000 37.844753
2851200.000000 37.721086
2937600.000000 37.595796
3024000.000000 37.469010
3110400.000000 37.340851
3196800.000000 37.211438
3283200.000000 37.080888
3369600.000000 36.949312
3456000.000000 36.816820
3542400.000000 36.683515
3628800.000000 36.549497
3715200.000000 36.414864
3801600.000000 36.279708
3888000.000000 36.144118
3974400.000000 36.008177
4060800.000000 35.871968
4147200.000000 35.735568
4233600.000000 35.599049
4320000.000000 35.462483
4406400.000000 35.325934
4492800.000000 35.189466
4579200.000000 35.053139
4665600.000000 34.917009
4752000.000000 34.781129
4838400.000000 34.645548
4924800.000000 34.510315
5011200.000000 34.375473
5097600.000000 34.241063
5184000.000000 34.107125
5270400.000000 33.973695
5356800.000000 33.840807
5443200.000000 33.708492
5529600.000000 33.576780
5616000.000000 33.445699
5702400.000000 33.315272
5788800.000000 33.185524
5875200.000000 33.056476
5961600.000000 32.928147
6048000.000000 32.800557
6134400.000000 32.673720
6220800.000000 32.547653
6307200.000000 32.422368
6393600.000000 32.297878
6480000.000000 32.174193
6566400.000000 32.051324
6652800.000000 31.929279
6739200.000000 31.808065
6825600.000000 31.687689
6912000.000000 31.568156
6998400.000000 31.449471
7084800.000000 31.331637
7171200.000000 31.214658
7257600.000000 31.098536
7344000.000000 30.983272
7430400.000000 30.868866
7516800.000000 30.755320
7603200.000000 30.642633
7689600.000000 30.530803
7776000.000000 30.419830
7862400.000000 30.309711
7948800.000000 30.200445
8035200.000000 30.092028
8121600.000000 29.984457
8208000.000000 29.877729
8294400.000000 29.771840
8380800.000000 29.666786
8467200.000000 29.562562
8553600.000000 29.459164
8640000.000000 29.356587
8726400.000000 29.254825
8812800.000000 29.153875
8899200.000000 29.053729
8985600.000000 28.954382
9072000.000000 28.855829
9158400.000000 28.758064
9244800.000000 28.661080
9331200.000000 28.564871
9417600.000000 28.469431
9504000.000000 28.374754
9590400.000000 28.280834
9676800.000000 28.187663
9763200.000000 28.095235
9849600.000000 28.003544
9936000.000000 27.912582
10022400.000000 27.822344
10108800.000000 27.732823
10195200.000000 27.644011
10281600.000000 27.555903
10368000.000000 27.468491
10454400.000000 27.381768
10540800.000000 27.295729
10627200.000000 27.210365
10713600.000000 27.125672
10800000.000000 27.041641
10886400.000000 26.958266
10972800.000000 26.875541
11059200.000000 26.793458
11145600.000000 26.712013
11232000.000000 26.631196
11318400.000000 26.551004
11404800.000000 26.471428
11491200.000000 26.392462
11577600.000000 26.314101
11664000.000000 26.236337
11750400.000000 26.159165
11836800.000000 26.082578
11923200.000000 26.006570
12009600.000000 25.931135
12096000.000000 25.856267
12182400.000000 25.781960
12268800.000000 25.708208
12355200.000000 25.635005
12441600.000000 25.562345
12528000.000000 25.490222
12614400.000000 25.418631
12700800.000000 25.347565
12787200.000000 25.277020
12873600.000000 25.206990
12960000.000000 25.137469
13046400.000000 25.068452
13132800.000000 24.999933
13219200.000000 24.931907
13305600.000000 24.864369
13392000.000000 24.797314
13478400.000000 24.730736
13564800.000000 24.664630
13651200.000000 24.598991
13737600.000000 24.533815
13824000.000000 24.469097
13910400.000000 24.404831
13996800.000000 24.341012
14083200.000000 24.277637
14169600.000000 24.214699
14256000.000000 24.152196
14342400.000000 24.090121
14428800.000000 24.028471
14515200.000000 23.967241
14601600.000000 23.906427
14688000.000000 23.846024
14774400.000000 23.786028
14860800.000000 23.726434
14947200.000000 23.667240
15033600.000000 23.608439
15120000.000000 23.550029
15206400.000000 23.492004
15292800.000000 23.434362
15379200.000000 23.377099
15465600.000000 23.320209
15552000.000000 23.263690
15638400.000000 23.207538
15724800.000000 23.151748
15811200.000000 23.096318
15897600.000000 23.041243
15984000.000000 22.986520
16070400.000000 22.932145
16156800.000000 22.878115
16243200.000000 22.824426
16329600.000000 22.771076
16416000.000000 22.718059
16502400.000000 22.665374
16588800.000000 22.613016
16675200.000000 22.560983
16761600.000000 22.509271
16848000.000000 22.457878
16934400.000000 22.406799
17020800.000000 22.356032
17107200.000000 22.305573
17193600.000000 22.255421
17280000.000000 22.205571
17366400.000000 22.156020
17452800.000000 22.106767
17539200.000000 22.057807
17625600.000000 22.009139
17712000.000000 21.960759
17798400.000000 21.912664
17884800.000000 21.864852
17971200.000000 21.817319
18057600.000000 21.770065
18144000.000000 21.723084
18230400.000000 21.676376
18316800.000000 21.629938
18403200.000000 21.583766
18489600.000000 21.537859
18576000.000000 21.492213
18662400.000000 21.446827
18748800.000000 21.401698
18835200.000000 21.356824
18921600.000000 21.312202
19008000.000000 21.267830
19094400.000000 21.223705
19180800.000000 21.179826
19267200.000000 21.136190
19353600.000000 21.092795
19440000.000000 21.049638
19526400.000000 21.006718
19612800.000000 20.964033
19699200.000000 20.921579
19785600.000000 20.879356
19872000.000000 20.837360
19958400.000000 20.795591
20044800.000000 20.754045
20131200.000000 20.712722
20217600.000000 20.671618
20304000.000000 20.630733
20390400.000000 20.590064
20476800.000000 20.549609
20563200.000000 20.509366
20649600.000000 20.469334
20736000.000000 20.429510
20822400.000000 20.389893
20908800.000000 20.350481
20995200.000000 20.311273
21081600.000000 20.272266
21168000.000000 20.233458
21254400.000000 20.194849
21340800.000000 20.156436
21427200.000000 20.118218
21513600.000000 20.080193
21600000.000000 20.042359
21686400.000000 20.004715
21772800.000000 19.967259
21859200.000000 19.929990
21945600.000000 19.892906
22032000.000000 19.856005
22118400.000000 19.819286
22204800.000000 19.782748
22291200.000000 19.746389
22377600.000000 19.710207
22464000.000000 19.674201
22550400.000000 19.638370
22636800.000000 19.602712
22723200.000000 19.567226
22809600.000000 19.531910
22896000.000000 19.496764
22982400.000000 19.461784
23068800.000000 19.426971
23155200.000000 19.392324
23241600.000000 19.357839
23328000.000000 19.323517
23414400.000000 19.289356
23500800.000000 19.255355
23587200.000000 19.221513
23673600.000000 19.187827
23760000.000000 19.154298
23846400.000000 19.120924
23932800.000000 19.087703
24019200.000000 19.054634
24105600.000000 19.021717
24192000.000000 18.988950
24278400.000000 18.956332
24364800.000000 18.923862
24451200.000000 18.891538
24537600.000000 18.859360
24624000.000000 18.827326
24710400.000000 18.795436
24796800.000000 18.763688
24883200.000000 18.732081
24969600.000000 18.700614
25056000.000000 18.669287
25142400.000000 18.638097
25228800.000000 18.607045
25315200.000000 18.576128
25401600.000000 18.545347
25488000.000000 18.514700
25574400.000000 18.484185
25660800.000000 18.453803
25747200.000000 18.423552
25833600.000000 18.393431
25920000.000000 18.363440
26006400.000000 18.333576
26092800.000000 18.303841
26179200.000000 18.274231
26265600.000000 18.244747
26352000.000000 18.215388
26438400.000000 18.186153
26524800.000000 18.157041
26611200.000000 18.128050
26697600.000000 18.099182
26784000.000000 18.070433
26870400.000000 18.041804
26956800.000000 18.013294
27043200.000000 17.984901
27129600.000000 17.956626
27216000.000000 17.928467
27302400.000000 17.900424
27388800.000000 17.872495
27475200.000000 17.844680
27561600.000000 17.816979
27648000.000000 17.789390
27734400.000000 17.761912
27820800.000000 17.734546
27907200.000000 17.707290
27993600.000000 17.680143
28080000.000000 17.653105
28166400.000000 17.626175
28252800.000000 17.599353
28339200.000000 17.572637
28425600.000000 17.546027
28512000.000000 17.519522
28598400.000000 17.493122
28684800.000000 17.466826
28771200.000000 17.440633
28857600.000000 17.414543
28944000.000000 17.388555
29030400.000000 17.362668
29116800.000000 17.336882
29203200.000000 17.311196
29289600.000000 17.285610
29376000.000000 17.260122
29462400.000000 17.234733
29548800.000000 17.209442
29635200.000000 17.184247
29721600.000000 17.159149
29808000.000000 17.134147
29894400.000000 17.109241
29980800.000000 17.084429
30067200.000000 17.059711
30153600.000000 17.035087
30240000.000000 17.010557
30326400.000000 16.986118
30412800.000000 16.961772
30499200.000000 16.937518
30585600.000000 16.913355
30672000.000000 16.889282
30758400.000000 16.865299
30844800.000000 16.841406
30931200.000000 16.817602
31017600.000000 16.793886
31104000.000000 16.770259
31190400.000000 16.746719
31276800.000000 16.723266
31363200.000000 16.699900
31449600.000000 16.676621
31536000.000000 16.653427
31622400.000000 16.630318
31708800.000000 16.607295
31795200.000000 16.584356
31881600.000000 16.561501
31968000.000000 16.538729
32054400.000000 16.516041
32140800.000000 16.493436
32227200.000000 16.470914
32313600.000000 16.448473
32400000.000000 16.426115
32486400.000000 16.403837
32572800.000000 16.381641
32659200.000000 16.359525
32745600.000000 16.337489
32832000.000000 16.315534
32918400.000000 16.293658
33004800.000000 16.271861
33091200.000000 16.250144
33177600.000000 16.228505
33264000.000000 16.206944
33350400.000000 16.185461
33436800.000000 16.164056
33523200.000000 16.142729
33609600.000000 16.121479
33696000.000000 16.100305
33782400.000000 16.079209
33868800.000000 16.058189
33955200.000000 16.037245
34041600.000000 16.016377
34128000.000000 15.995585
34214400.000000 15.974868
34300800.000000 15.954227
34387200.000000 15.933661
34473600.000000 15.913169
34560000.000000 15.892753
34646400.000000 15.872412
34732800.000000 15.852144
34819200.000000 15.831952
34905600.000000 15.811833
34992000.000000 15.791789
35078400.000000 15.771819
35164800.000000 15.751922
35251200.000000 15.732100
35337600.000000 15.712352
35424000.000000 15.692677
35510400.000000 15.673077
35596800.000000 15.653550
35683200.000000 15.634097
35769600.000000 15.614718
35856000.000000 15.595412
35942400.000000 15.576181
36028800.000000 15.557024
36115200.000000 15.537941
36201600.000000 15.518933
36288000.000000 15.499999
36374400.000000 15.481140
36460800.000000 15.462356
36547200.000000 15.443647
36633600.000000 15.425013
36720000.000000 15.406455
36806400.000000 15.387974
36892800.000000 15.369569
36979200.000000 15.351240
37065600.000000 15.332989
37152000.000000 15.314816
37238400.000000 15.296722
37324800.000000 15.278706
37411200.000000 15.260770
37497600.000000 15.242914
37584000.000000 15.225139
37670400.000000 15.207446
37756800.000000 15.189836
37843200.000000 15.172309
37929600.000000 15.154867
38016000.000000 15.137511
38102400.000000 15.120242
38188800.000000 15.103061
38275200.000000 15.085969
38361600.000000 15.068969
38448000.000000 15.052061
38534400.000000 15.035248
38620800.000000 15.018530
38707200.000000 15.001911
38793600.000000 14.985393
38880000.000000 14.968977
38966400.000000 14.952666
39052800.000000 14.936464
39139200.000000 14.920372
39225600.000000 14.904394
39312000.000000 14.888534
39398400.000000 14.872795
39484800.000000 14.857181
39571200.000000 14.841697
39657600.000000 14.826348
39744000.000000 14.811139
39830400.000000 14.796075
39916800.000000 14.781164
40003200.000000 14.766411
40089600.000000 14.751825
40176000.000000 14.737413
40262400.000000 14.723185
40348800.000000 14.709152
40435200.000000 14.695323
40521600.000000 14.681713
40608000.000000 14.668333
40694400.000000 14.655201
40780800.000000 14.642332
40867200.000000 14.629747
40953600.000000 14.617467
41040000.000000 14.605516
41126400.000000 14.593922
41212800.000000 14.582717
41299200.000000 14.571937
41385600.000000 14.561623
41472000.000000 14.551823
41558400.000000 14.542592
41644800.000000 14.533993
41731200.000000 14.526104
41817600.000000 14.519012
41904000.000000 14.512822
41990400.000000 14.507663
42076800.000000 14.503686
42163200.000000 14.501079
42249600.000000 14.500071
42336000.000000 14.500949
42422400.000000 14.504076
42508800.000000 14.509917
42595200.000000 14.519078
42681600.000000 14.532366
42768000.000000 14.550879
42854400.000000 14.576149
42940800.000000 14.610383
43027200.000000 14.656886
43113600.000000 14.720836
43200000.000000 14.810850
43286400.000000 14.942427
43372800.000000 15.146598
43459200.000000 15.496209
43545600.000000 16.214356
43632000.000000 18.509695
43718400.000000 24.616793
43804800.000000 43.584952
43891200.000000 32.055008
43977600.000000 35.486150
44064000.000000 34.560982
44150400.000000 34.341696
44236800.000000 34.259853
44323200.000000 34.181286
44409600.000000 34.123008
44496000.000000 34.076251
44582400.000000 34.037652
44668800.000000 34.005025
44755200.000000 33.976877
44841600.000000 33.952176
44928000.000000 33.930180
45014400.000000 33.910346
45100800.000000 33.892264
45187200.000000 33.875622
45273600.000000 33.860175
45360000.000000 33.845731
45446400.000000 33.832135
45532800.000000 33.819263
45619200.000000 33.807012
45705600.000000 33.795297
45792000.000000 33.784048
45878400.000000 33.773206
45964800.000000 33.762720
46051200.000000 33.752548
46137600.000000 33.742654
46224000.000000 33.733005
46310400.000000 33.723575
46396800.000000 33.714341
46483200.000000 33.705280
46569600.000000 33.696375
46656000.000000 33.687611
46742400.000000 33.678972
46828800.000000 33.670447
46915200.000000 33.662025
47001600.000000 33.653694
47088000.000000 33.645448
47174400.000000 33.637277
47260800.000000 33.629175
47347200.000000 33.621135
47433600.000000 33.613151
47520000.000000 33.605219
47606400.000000 33.597333
47692800.000000 33.589489
47779200.000000 33.581684
47865600.000000 33.573913
47952000.000000 33.566174
48038400.000000 33.558464
48124800.000000 33.550779
48211200.000000 33.543119
48297600.000000 33.535479
48384000.000000 33.527859
48470400.000000 33.520257
48556800.000000 33.512670
48643200.000000 33.505098
48729600.000000 33.497538
48816000.000000 33.489990
48902400.000000 33.482452
48988800.000000 33.474924
49075200.000000 33.467404
49161600.000000 33.459891
49248000.000000 33.452385
49334400.000000 33.444885
49420800.000000 33.437390
49507200.000000 33.429900
49593600.000000 33.422413
49680000.000000 33.414930
49766400.000000 33.407450
49852800.000000 33.399972
49939200.000000 33.392497
50025600.000000 33.385023
50112000.000000 33.377551
50198400.000000 33.370080
50284800.000000 33.362610
50371200.000000 33.355141
50457600.000000 33.347672
50544000.000000 33.340204
50630400.000000 33.332737
50716800.000000 33.325269
50803200.000000 33.317801
50889600.000000 33.310334
50976000.000000 33.302866
51062400.000000 33.295398
51148800.000000 33.287931
51235200.000000 33.280463
51321600.000000 33.272994
51408000.000000 33.265526
51494400.000000 33.258057
51580800.000000 33.250589
51667200.000000 33.243120
51753600.000000 33.235651
51840000.000000 33.228183
51926400.000000 33.220714
52012800.000000 33.213246
52099200.000000 33.205778
52185600.000000 33.198310
52272000.000000 33.190842
52358400.000000 33.183375
52444800.000000 33.175909
52531200.000000 33.168444
52617600.000000 33.160979
52704000.000000 33.153515
52790400.000000 33.146053
52876800.000000 33.138591
52963200.000000 33.131131
53049600.000000 33.123672
53136000.000000 33.116215
53222400.000000 33.108760
53308800.000000 33.101306
53395200.000000 33.093854
53481600.000000 33.086405
53568000.000000 33.078958
53654400.000000 33.071513
53740800.000000 33.064071
53827200.000000 33.056631
53913600.000000 33.049194
54000000.000000 33.041760
54086400.000000 33.034329
54172800.000000 33.026902
54259200.000000 33.019478
54345600.000000 33.012057
54432000.000000 33.004640
54518400.000000 32.997227
54604800.000000 32.989818
54691200.000000 32.982413
54777600.000000 32.975013
54864000.000000 32.967617
54950400.000000 32.960225
55036800.000000 32.952838
55123200.000000 32.945456
55209600.000000 32.938079
55296000.000000 32.930707
55382400.000000 32.923340
55468800.000000 32.915979
55555200.000000 32.908623
55641600.000000 32.901273
55728000.000000 32.893928
55814400.000000 32.886590
55900800.000000 32.879258
55987200.000000 32.871932
56073600.000000 32.864612
56160000.000000 32.857299
56246400.000000 32.849993
56332800.000000 32.842693
56419200.000000 32.835400
56505600.000000 32.828115
56592000.000000 32.820836
56678400.000000 32.813565
56764800.000000 32.806301
56851200.000000 32.799044
56937600.000000 32.791795
57024000.000000 32.784554
57110400.000000 32.777321
57196800.000000 32.770096
57283200.000000 32.762879
57369600.000000 32.755670
57456000.000000 32.748469
57542400.000000 32.741277
57628800.000000 32.734094
57715200.000000 32.726919
57801600.000000 32.719753
57888000.000000 32.712596
57974400.000000 32.705448
58060800.000000 32.698309
58147200.000000 32.691179
58233600.000000 32.684058
58320000.000000 32.676947
58406400.000000 32.669845
58492800.000000 32.662753
58579200.000000 32.655671
58665600.000000 32.648598
58752000.000000 32.641536
58838400.000000 32.634483
58924800.000000 32.627440
59011200.000000 32.620408
59097600.000000 32.613386
59184000.000000 32.606374
59270400.000000 32.599372
59356800.000000 32.592381
59443200.000000 32.585401
59529600.000000 32.578431
59616000.000000 32.571472
59702400.000000 32.564524
59788800.000000 32.557586
59875200.000000 32.550660
59961600.000000 32.543745
60048000.000000 32.536841
60134400.000000 32.529948
60220800.000000 32.523066
60307200.000000 32.516195
60393600.000000 32.509336
60480000.000000 32.502489
60566400.000000 32.495653
60652800.000000 32.488829
60739200.000000 32.482016
60825600.000000 32.475215
60912000.000000 32.468426
60998400.000000 32.461649
61084800.000000 32.454883
61171200.000000 32.448130
61257600.000000 32.441388
61344000.000000 32.434659
61430400.000000 32.427942
61516800.000000 32.421237
61603200.000000 32.414544
61689600.000000 32.407864
61776000.000000 32.401196
61862400.000000 32.394540
61948800.000000 32.387897
62035200.000000 32.381266
62121600.000000 32.374648
62208000.000000 32.368042
62294400.000000 32.361449
62380800.000000 32.354869
62467200.000000 32.348302
62553600.000000 32.341747
62640000.000000 32.335205
62726400.000000 32.328676
62812800.000000 32.322160
62899200.000000 32.315656
62985600.000000 32.309166
63072000.000000 32.302689
63158400.000000 32.296225
63244800.000000 32.289774
63331200.000000 32.283336
63417600.000000 32.276911
63504000.000000 32.270499
63590400.000000 32.264101
63676800.000000 32.257715
63763200.000000 32.251344
63849600.000000 32.244985
63936000.000000 32.238640
64022400.000000 32.232308
64108800.000000 32.225989
64195200.000000 32.219685
64281600.000000 32.213393
64368000.000000 32.207115
64454400.000000 32.200851
64540800.000000 32.194600
64627200.000000 32.188362
64713600.000000 32.182139
64800000.000000 32.175928
64886400.000000 32.169732
64972800.000000 32.163549
65059200.000000 32.157380
65145600.000000 32.151225
65232000.000000 32.145083
65318400.000000 32.138956
65404800.000000 32.132842
65491200.000000 32.126742
65577600.000000 32.120655
65664000.000000 32.114583
65750400.000000 32.108525
65836800.000000 32.102480
65923200.000000 32.096450
66009600.000000 32.090433
66096000.000000 32.084430
66182400.000000 32.078442
66268800.000000 32.072467
66355200.000000 32.066507
66441600.000000 32.060561
66528000.000000 32.054628
66614400.000000 32.048710
66700800.000000 32.042806
66787200.000000 32.036917
66873600.000000 32.031041
66960000.000000 32.025180
67046400.000000 32.019333
67132800.000000 32.013500
67219200.000000 32.007682
67305600.000000 32.001878
67392000.000000 31.996088
67478400.000000 31.990313
67564800.000000 31.984552
67651200.000000 31.978806
67737600.000000 31.973074
67824000.000000 31.967357
67910400.000000 31.961654
67996800.000000 31.955966
68083200.000000 31.950293
68169600.000000 31.944634
68256000.000000 31.938990
68342400.000000 31.933360
68428800.000000 31.927746
68515200.000000 31.922146
68601600.000000 31.916561
68688000.000000 31.910991
68774400.000000 31.905436
68860800.000000 31.899897
68947200.000000 31.894372
69033600.000000 31.888862
69120000.000000 31.883368
69206400.000000 31.877888
69292800.000000 31.872425
69379200.000000 31.866976
69465600.000000 31.861543
69552000.000000 31.856126
69638400.000000 31.850724
69724800.000000 31.845338
69811200.000000 31.839967
69897600.000000 31.834613
69984000.000000 31.829274
70070400.000000 31.823952
70156800.000000 31.818645
70243200.000000 31.813355
70329600.000000 31.808081
70416000.000000 31.802824
70502400.000000 31.797584
70588800.000000 31.792360
70675200.000000 31.787153
70761600.000000 31.781963
70848000.000000 31.776791
70934400.000000 31.771635
71020800.000000 31.766498
71107200.000000 31.761377
71193600.000000 31.756275
71280000.000000 31.751191
71366400.000000 31.746125
71452800.000000 31.741078
71539200.000000 31.736049
71625600.000000 31.731040
71712000.000000 31.726049
71798400.000000 31.721078
71884800.000000 31.716127
71971200.000000 31.711196
72057600.000000 31.706284
72144000.000000 31.701394
72230400.000000 31.696524
72316800.000000 31.691676
72403200.000000 31.686849
72489600.000000 31.682043
72576000.000000 31.677260
72662400.000000 31.672499
72748800.000000 31.667762
72835200.000000 31.663047
72921600.000000 31.658356
73008000.000000 31.653688
73094400.000000 31.649044
73180800.000000 31.644425
73267200.000000 31.639831
73353600.000000 31.635261
73440000.000000 31.630716
73526400.000000 31.626196
73612800.000000 31.621700
73699200.000000 31.617230
73785600.000000 31.612785
73872000.000000 31.608364
73958400.000000 31.603966
74044800.000000 31.599592
74131200.000000 31.595241
74217600.000000 31.590911
74304000.000000 31.586601
74390400.000000 31.582309
74476800.000000 31.578034
74563200.000000 31.573774
74649600.000000 31.569527
74736000.000000 31.565289
74822400.000000 31.561057
74908800.000000 31.556830
74995200.000000 31.552602
75081600.000000 31.548371
75168000.000000 31.544134
75254400.000000 31.539886
75340800.000000 31.535624
75427200.000000 31.531345
75513600.000000 31.527046
75600000.000000 31.522724
75686400.000000 31.518376
75772800.000000 31.514002
75859200.000000 31.509601
75945600.000000 31.505171
76032000.000000 31.500712
76118400.000000 31.496226
76204800.000000 31.491714
76291200.000000 31.487176
76377600.000000 31.482615
76464000.000000 31.478033
76550400.000000 31.473433
76636800.000000 31.468817
76723200.000000 31.464188
76809600.000000 31.459548
76896000.000000 31.454901
76982400.000000 31.450247
77068800.000000 31.445591
77155200.000000 31.440934
77241600.000000 31.436278
77328000.000000 31.431625
77414400.000000 31.426976
77500800.000000 31.422334
77587200.000000 31.417700
77673600.000000 31.413074
77760000.000000 31.408459
77846400.000000 31.403854
77932800.000000 31.399260
78019200.000000 31.394679
78105600.000000 31.390110
78192000.000000 31.385555
78278400.000000 31.381013
78364800.000000 31.376485
78451200.000000 31.371971
78537600.000000 31.367471
78624000.000000 31.362986
78710400.000000 31.358515
78796800.000000 31.354059
78883200.000000 31.349617
78969600.000000 31.345190
79056000.000000 31.340778
79142400.000000 31.336380
79228800.000000 31.331997
79315200.000000 31.327628
79401600.000000 31.323273
79488000.000000 31.318933
79574400.000000 31.314606
79660800.000000 31.310294
79747200.000000 31.305996
79833600.000000 31.301711
79920000.000000 31.297440
80006400.000000 31.293183
80092800.000000 31.288939
80179200.000000 31.284708
80265600.000000 31.280491
80352000.000000 31.276287
80438400.000000 31.272096
80524800.000000 31.267917
80611200.000000 31.263752
80697600.000000 31.259599
80784000.000000 31.255458
80870400.000000 31.251330
80956800.000000 31.247215
81043200.000000 31.243111
81129600.000000 31.239020
81216000.000000 31.234941
81302400.000000 31.230873
81388800.000000 31.226818
81475200.000000 31.222774
81561600.000000 31.218742
81648000.000000 31.214722
81734400.000000 31.210713
81820800.000000 31.206715
81907200.000000 31.202729
81993600.000000 31.198753
82080000.000000 31.194789
82166400.000000 31.190837
82252800.000000 31.186895
82339200.000000 31.182964
82425600.000000 31.179043
82512000.000000 31.175134
82598400.000000 31.171235
82684800.000000 31.167347
82771200.000000 31.163470
82857600.000000 31.159603
82944000.000000 31.155747
83030400.000000 31.151900
83116800.000000 31.148065
83203200.000000 31.144239
83289600.000000 31.140424
83376000.000000 31.136619
83462400.000000 31.132824
83548800.000000 31.129039
83635200.000000 31.125263
83721600.000000 31.121498
83808000.000000 31.117743
83894400.000000 31.113998
83980800.000000 31.110262
84067200.000000 31.106536
84153600.000000 31.102820
84240000.000000 31.099113
84326400.000000 31.095416
84412800.000000 31.091729
84499200.000000 31.088050
84585600.000000 31.084382
84672000.000000 31.080723
84758400.000000 31.077073
84844800.000000 31.073432
84931200.000000 31.069801
85017600.000000 31.066179
85104000.000000 31.062566
85190400.000000 31.058962
85276800.000000 31.055368
85363200.000000 31.051782
85449600.000000 31.048206
85536000.000000 31.044638
85622400.000000 31.041079
85708800.000000 31.037530
85795200.000000 31.033989
85881600.000000 31.030457
85968000.000000 31.026934
86054400.000000 31.023419
86140800.000000 31.019913
86227200.000000 31.016416
86313600.000000 31.012928
86400000.000000 31.009448
86486400.000000 31.005977
86572800.000000 31.002514
86659200.000000 30.999060
86745600.000000 30.995615
86832000.000000 30.992177
86918400.000000 30.988749
87004800.000000 30.985328
87091200.000000 30.981916
87177600.000000 30.978513
87264000.000000 30.975117
87350400.000000 30.971730
87436800.000000 30.968351
87523200.000000 30.964980
87609600.000000 30.961618
87696000.000000 30.958263
87782400.000000 30.954917
87868800.000000 30.951579
87955200.000000 30.948249
88041600.000000 30.944927
88128000.000000 30.941613
88214400.000000 30.938306
88300800.000000 30.935008
88387200.000000 30.931718
88473600.000000 30.928435
88560000.000000 30.925161
88646400.000000 30.921894
88732800.000000 30.918635
88819200.000000 30.915384
88905600.000000 30.912140
88992000.000000 30.908904
89078400.000000 30.905676
89164800.000000 30.902456
89251200.000000 30.899243
89337600.000000 30.896038
89424000.000000 30.892840
89510400.000000 30.889650
89596800.000000 30.886467
89683200.000000 30.883292
89769600.000000 30.880125
89856000.000000 30.876965
89942400.000000 30.873812
90028800.000000 30.870667
90115200.000000 30.867529
90201600.000000 30.864398
90288000.000000 30.861275
90374400.000000 30.858159
90460800.000000 30.855051
90547200.000000 30.851949
90633600.000000 30.848855
90720000.000000 30.845768
90806400.000000 30.842688
90892800.000000 30.839616
90979200.000000 30.836550
91065600.000000 30.833492
91152000.000000 30.830441
91238400.000000 30.827396
91324800.000000 30.824359
91411200.000000 30.821329
91497600.000000 30.818306
91584000.000000 30.815290
91670400.000000 30.812281
91756800.000000 30.809278
91843200.000000 30.806283
91929600.000000 30.803294
92016000.000000 30.800313
92102400.000000 30.797338
92188800.000000 30.794370
92275200.000000 30.791409
92361600.000000 30.788454
92448000.000000 30.785507
92534400.000000 30.782566
92620800.000000 30.779632
92707200.000000 30.776704
92793600.000000 30.773783
92880000.000000 30.770869
92966400.000000 30.767961
93052800.000000 30.765060
93139200.000000 30.762166
93225600.000000 30.759278
93312000.000000 30.756397
93398400.000000 30.753522
93484800.000000 30.750654
93571200.000000 30.747792
93657600.000000 30.744937
93744000.000000 30.742088
93830400.000000 30.739245
93916800.000000 30.736409
94003200.000000 30.733579
94089600.000000 30.730756
94176000.000000 30.727939
94262400.000000 30.725128
94348800.000000 30.722324
94435200.000000 30.719526
94521600.000000 30.716734
94608000.000000 30.713948
94694400.000000 30.711169
94780800.000000 30.708396
94867200.000000 30.705629
94953600.000000 30.702868
95040000.000000 30.700113
95126400.000000 30.697365
95212800.000000 30.694622
95299200.000000 30.691886
95385600.000000 30.689156
95472000.000000 30.686431
95558400.000000 30.683713
95644800.000000 30.681001
95731200.000000 30.678295
95817600.000000 30.675594
95904000.000000 30.672900
95990400.000000 30.670212
96076800.000000 30.667529
96163200.000000 30.664853
96249600.000000 30.662182
96336000.000000 30.659517
96422400.000000 30.656859
96508800.000000 30.654205
96595200.000000 30.651558
96681600.000000 30.648917
96768000.000000 30.646281
96854400.000000 30.643651
96940800.000000 30.641027
97027200.000000 30.638408
97113600.000000 30.635796
97200000.000000 30.633189
97286400.000000 30.630587
97372800.000000 30.627992
97459200.000000 30.625401
97545600.000000 30.622817
97632000.000000 30.620238
97718400.000000 30.617665
97804800.000000 30.615097
97891200.000000 30.612535
97977600.000000 30.609978
98064000.000000 30.607427
98150400.000000 30.604882
98236800.000000 30.602342
98323200.000000 30.599807
98409600.000000 30.597278
98496000.000000 30.594754
98582400.000000 30.592236
98668800.000000 30.589723
98755200.000000 30.587216
98841600.000000 30.584714
98928000.000000 30.582217
99014400.000000 30.579725
99100800.000000 30.577239
99187200.000000 30.574759
99273600.000000 30.572283
99360000.000000 30.569813
99446400.000000 30.567348
99532800.000000 30.564888
99619200.000000 30.562434
99705600.000000 30.559985
99792000.000000 30.557541
99878400.000000 30.555102
99964800.000000 30.552668
100051200.000000 30.550240
100137600.000000 30.547817
100224000.000000 30.545398
100310400.000000 30.542985
100396800.000000 30.540577
100483200.000000 30.538174
100569600.000000 30.535776
100656000.000000 30.533384
100742400.000000 30.530996
100828800.000000 30.528613
100915200.000000 30.526235
101001600.000000 30.523863
101088000.000000 30.521495
101174400.000000 30.519132
101260800.000000 30.516774
101347200.000000 30.514421
101433600.000000 30.512073
101520000.000000 30.509730
101606400.000000 30.507392
101692800.000000 30.505059
101779200.000000 30.502730
101865600.000000 30.500407
101952000.000000 30.498088
102038400.000000 30.495774
102124800.000000 30.493465
102211200.000000 30.491161
102297600.000000 30.488861
102384000.000000 30.486566
102470400.000000 30.484276
102556800.000000 30.481991
102643200.000000 30.479710
102729600.000000 30.477434
102816000.000000 30.475163
102902400.000000 30.472897
102988800.000000 30.470635
103075200.000000 30.468378
103161600.000000 30.466125
103248000.000000 30.463877
103334400.000000 30.461634
103420800.000000 30.459395
103507200.000000 30.457161
103593600.000000 30.454932
103680000.000000 30.452707
103766400.000000 30.450487
103852800.000000 30.448271
103939200.000000 30.446059
104025600.000000 30.443853
104112000.000000 30.441650
104198400.000000 30.439452
104284800.000000 30.437259
104371200.000000 30.435070
104457600.000000 30.432886
104544000.000000 30.430706
104630400.000000 30.428530
104716800.000000 30.426359
104803200.000000 30.424192
104889600.000000 30.422030
104976000.000000 30.419872
105062400.000000 30.417718
105148800.000000 30.415569
105235200.000000 30.413424
105321600.000000 30.411283
105408000.000000 30.409147
105494400.000000 30.407015
105580800.000000 30.404887
105667200.000000 30.402764
105753600.000000 30.400644
105840000.000000 30.398529
105926400.000000 30.396419
106012800.000000 30.394312
106099200.000000 30.392210
106185600.000000 30.390112
106272000.000000 30.388018
106358400.000000 30.385928
106444800.000000 30.383842
106531200.000000 30.381761
106617600.000000 30.379684
106704000.000000 30.377611
106790400.000000 30.375542
106876800.000000 30.373477
106963200.000000 30.371416
107049600.000000 30.369359
107136000.000000 30.367307
107222400.000000 30.365258
107308800.000000 30.363214
107395200.000000 30.361173
107481600.000000 30.359137
107568000.000000 30.357104
107654400.000000 30.355076
107740800.000000 30.353051
107827200.000000 30.351031
107913600.000000 30.349014
108000000.000000 30.347002
108086400.000000 30.344993
108172800.000000 30.342989
108259200.000000 30.340988
108345600.000000 30.338991
108432000.000000 30.336998
108518400.000000 30.335009
108604800.000000 30.333024
108691200.000000 30.331043
108777600.000000 30.329066
108864000.000000 30.327092
108950400.000000 30.325123
109036800.000000 30.323157
109123200.000000 30.321195
109209600.000000 30.319237
109296000.000000 30.317282
109382400.000000 30.315332
109468800.000000 30.313385
109555200.000000 30.311442
109641600.000000 30.309503
109728000.000000 30.307567
109814400.000000 30.305635
109900800.000000 30.303707
109987200.000000 30.301783
110073600.000000 30.299862
110160000.000000 30.297945
110246400.000000 30.296032
110332800.000000 30.294123
110419200.000000 30.292217
110505600.000000 30.290314
110592000.000000 30.288416
110678400.000000 30.286521
110764800.000000 30.284630
110851200.000000 30.282742
110937600.000000 30.280858
111024000.000000 30.278977
111110400.000000 30.277100
111196800.000000 30.275227
111283200.000000 30.273357
111369600.000000 30.271491
111456000.000000 30.269629
111542400.000000 30.267769
111628800.000000 30.265914
111715200.000000 30.264062
111801600.000000 30.262213
111888000.000000 30.260368
111974400.000000 30.258527
112060800.000000 30.256689
112147200.000000 30.254854
112233600.000000 30.253023
112320000.000000 30.251195
112406400.000000 30.249371
112492800.000000 30.247550
112579200.000000 30.245733
112665600.000000 30.243919
112752000.000000 30.242109
112838400.000000 30.240301
112924800.000000 30.238498
113011200.000000 30.236697
113097600.000000 30.234900
113184000.000000 30.233107
113270400.000000 30.231317
113356800.000000 30.229530
113443200.000000 30.227746
113529600.000000 30.225966
113616000.000000 30.224189
113702400.000000 30.222415
113788800.000000 30.220645
113875200.000000 30.218878
113961600.000000 30.217114
114048000.000000 30.215354
114134400.000000 30.213597
114220800.000000 30.211843
114307200.000000 30.210092
114393600.000000 30.208345
114480000.000000 30.206601
114566400.000000 30.204860
114652800.000000 30.203122
114739200.000000 30.201387
114825600.000000 30.199656
114912000.000000 30.197928
114998400.000000 30.196203
115084800.000000 30.194481
115171200.000000 30.192762
115257600.000000 30.191047
115344000.000000 30.189335
115430400.000000 30.187625
115516800.000000 30.185919
115603200.000000 30.184216
115689600.000000 30.182517
115776000.000000 30.180820
115862400.000000 30.179126
115948800.000000 30.177436
116035200.000000 30.175748
116121600.000000 30.174064
116208000.000000 30.172383
116294400.000000 30.170705
116380800.000000 30.169029
116467200.000000 30.167357
116553600.000000 30.165688
116640000.000000 30.164022
116726400.000000 30.162359
116812800.000000 30.160699
116899200.000000 30.159042
116985600.000000 30.157388
117072000.000000 30.155737
117158400.000000 30.154089
117244800.000000 30.152444
117331200.000000 30.150802
117417600.000000 30.149162
117504000.000000 30.147526
117590400.000000 30.145893
117676800.000000 30.144263
117763200.000000 30.142635
117849600.000000 30.141011
117936000.000000 30.139389
118022400.000000 30.137770
118108800.000000 30.136155
118195200.000000 30.134542
118281600.000000 30.132932
118368000.000000 30.131325
118454400.000000 30.129720
118540800.000000 30.128119
118627200.000000 30.126520
118713600.000000 30.124925
118800000.000000 30.123332
118886400.000000 30.121742
118972800.000000 30.120155
119059200.000000 30.118570
119145600.000000 30.116989
119232000.000000 30.115410
119318400.000000 30.113834
119404800.000000 30.112261
119491200.000000 30.110690
119577600.000000 30.109123
119664000.000000 30.107558
119750400.000000 30.105996
119836800.000000 30.104436
119923200.000000 30.102880
120009600.000000 30.101326
120096000.000000 30.099775
120182400.000000 30.098226
120268800.000000 30.096681
120355200.000000 30.095138
120441600.000000 30.093597
120528000.000000 30.092060
120614400.000000 30.090525
120700800.000000 30.088993
120787200.000000 30.087463
120873600.000000 30.085936
120960000.000000 30.084412
121046400.000000 30.082891
121132800.000000 30.081372
121219200.000000 30.079855
121305600.000000 30.078342
121392000.000000 30.076831
121478400.000000 30.075322
121564800.000000 30.073817
121651200.000000 30.072314
121737600.000000 30.070813
121824000.000000 30.069315
121910400.000000 30.067820
121996800.000000 30.066327
122083200.000000 30.064837
122169600.000000 30.063349
122256000.000000 30.061864
122342400.000000 30.060382
122428800.000000 30.058902
122515200.000000 30.057425
122601600.000000 30.055950
122688000.000000 30.054477
122774400.000000 30.053008
122860800.000000 30.051540
122947200.000000 30.050076
123033600.000000 30.048613
123120000.000000 30.047154
123206400.000000 30.045697
123292800.000000 30.044242
123379200.000000 30.042790
123465600.000000 30.041340
123552000.000000 30.039892
123638400.000000 30.038448
123724800.000000 30.037005
123811200.000000 30.035565
123897600.000000 30.034128
123984000.000000 30.032693
124070400.000000 30.031260
124156800.000000 30.029830
124243200.000000 30.028402
124329600.000000 30.026977
124416000.000000 30.025554
124502400.000000 30.024134
124588800.000000 30.022716
124675200.000000 30.021300
124761600.000000 30.019887
124848000.000000 30.018476
124934400.000000 30.017067
125020800.000000 30.015661
125107200.000000 30.014257
125193600.000000 30.012856
125280000.000000 30.011456
125366400.000000 30.010060
125452800.000000 30.008665
125539200.000000 30.007273
125625600.000000 30.005883
125712000.000000 30.004496
125798400.000000 30.003111
125884800.000000 30.001728
125971200.000000 30.000348
126057600.000000 29.998970
126144000.000000 29.997594
126230400.000000 29.996220
