4.949747 24 53.500000 53.500000 0.000000 
4.949747 24 53.500000 53.500000 0.000000 
3.535534 16 53.500000 53.500000 0.000000 
3.535534 24 53.500000 53.500000 0.000000 
4.949747 16 53.500000 53.500000 0.000000 
4.949747 24 53.500000 53.500000 0.000000 
4.949747 24 53.500000 53.500000 0.000000 
3.535534 16 53.500000 53.500000 0.000000 
3.535534 24 53.500000 53.500000 0.000000 
4.949747 16 53.500000 53.500000 0.000000 
4.949747 24 53.500000 53.500000 0.000000 
4.949747 24 53.500000 53.500000 0.000000 
3.535534 16 53.500000 53.500000 0.000000 
3.535534 24 53.500000 53.500000 0.000000 
4.949747 16 53.500000 53.500000 0.000000 
4.949747 24 53.500000 53.500000 0.000000 
4.949747 24 53.500000 53.500000 0.000000 
3.535534 16 53.500000 53.500000 0.000000 
3.535534 24 53.500000 53.500000 0.000000 
4.949747 16 53.500000 53.500000 0.000000 
4.949747 24 53.500000 53.500000 0.000000 
4.949747 24 53.500000 53.500000 0.000000 
3.535534 16 53.500000 53.500000 0.000000 
3.535534 24 53.500000 53.500000 0.000000 
4.949747 16 53.500000 53.500000 0.000000 
4.949747 24 53.500000 53.500000 0.000000 
4.949747 24 53.500000 53.500000 0.000000 
3.535534 16 53.500000 53.500000 0.000000 
3.535534 24 53.500000 53.500000 0.000000 
4.949747 16 53.500000 53.500000 0.000000 
4.949747 24 53.500000 53.500000 0.000000 
4.949747 24 53.500000 53.500000 0.000000 
3.535534 16 53.500000 53.500000 0.000000 
3.535534 24 53.500000 53.500000 0.000000 
4.949747 16 53.500000 53.500000 0.000000 
4.949747 24 53.500000 53.500000 0.000000 
4.949747 24 53.500000 53.500000 0.000000 
3.535534 16 53.500000 53.500000 0.000000 
3.535534 24 53.500000 53.500000 0.000000 
4.949747 16 53.500000 53.500000 0.000000 
4.949747 24 53.500000 53.500000 0.000000 
4.949747 24 53.500000 53.500000 0.000000 
3.535534 16 53.500000 53.500000 0.000000 
3.535534 24 53.500000 53.500000 0.000000 
4.949747 16 53.500000 53.500000 0.000000 
4.949747 24 53.500000 53.500000 0.000000 
4.949747 24 53.500000 53.500000 0.000000 
3.535534 16 53.500000 53.500000 0.000000 
3.535534 24 53.500000 53.500000 0.000000 
4.949747 16 53.500000 53.500000 0.000000 
4.949747 24 53.500000 53.500000 0.000000 
4.949747 24 53.500000 53.500000 0.000000 
3.535534 16 53.500000 53.500000 0.000000 
3.535534 24 53.500000 53.500000 0.000000 
4.949747 16 53.500000 53.500000 0.000000 
4.949747 24 53.500000 53.500000 0.000000 
4.949747 24 53.500000 53.500000 0.000000 
3.535534 16 53.500000 53.500000 0.000000 
3.535534 24 53.500000 53.500000 0.000000 
4.949747 16 53.500000 53.500000 0.000000 
4.949747 24 53.500000 53.500000 0.000000 
4.949747 24 53.500000 53.500000 0.000000 
3.535534 16 53.500000 53.500000 0.000000 
3.535534 24 53.500000 53.500000 0.000000 
4.949747 16 53.500000 53.500000 0.000000 
4.949747 24 53.500000 53.500000 0.000000 
4.949747 24 53.500000 53.500000 0.000000 
3.535534 16 53.500000 53.500000 0.000000 
3.535534 24 53.500000 53.500000 0.000000 
4.949747 16 53.500000 53.500000 0.000000 
4.949747 24 53.500000 53.500000 0.000000 
4.949747 24 53.500000 53.500000 0.000000 
3.535534 16 53.500000 53.500000 0.000000 
3.535534 24 53.500000 53.500000 0.000000 
4.949747 16 53.500000 53.500000 0.000000 
4.949747 24 53.500000 53.500000 0.000000 
4.949747 24 53.500000 53.500000 0.000000 
3.535534 16 53.500000 53.500000 0.000000 
3.535534 24 53.500000 53.500000 0.000000 
4.949747 16 53.500000 53.500000 0.000000 
4.949747 24 53.500000 53.500000 0.000000 
4.949747 24 53.500000 53.500000 0.000000 
3.535534 16 53.500000 53.500000 0.000000 
3.535534 24 53.500000 53.500000 0.000000 
4.949747 16 53.500000 53.500000 0.000000 
4.949747 24 53.500000 53.500000 0.000000 
4.949747 24 53.500000 53.500000 0.000000 
3.535534 16 53.500000 53.500000 0.000000 
3.535534 24 53.500000 53.500000 0.000000 
4.949747 16 53.500000 53.500000 0.000000 
4.949747 24 53.500000 53.500000 0.000000 
4.949747 24 53.500000 53.500000 0.000000 
3.535534 16 53.500000 53.500000 0.000000 
3.535534 24 53.500000 53.500000 0.000000 
4.949747 16 53.500000 53.500000 0.000000 
4.949747 24 53.500000 53.500000 0.000000 
4.949747 24 53.500000 53.500000 0.000000 
3.535534 16 53.500000 53.500000 0.000000 
3.535534 24 53.500000 53.500000 0.000000 
4.949747 16 53.500000 53.500000 0.000000 
4.949747 24 53.500000 53.500000 0.000000 
4.949747 24 53.500000 53.500000 0.000000 
3.535534 16 53.500000 53.500000 0.000000 
3.535534 24 53.500000 53.500000 0.000000 
4.949747 16 53.500000 53.500000 0.000000 
4.949747 24 53.500000 53.500000 0.000000 
4.949747 24 53.500000 53.500000 0.000000 
3.535534 16 53.500000 53.500000 0.000000 
3.535534 24 53.500000 53.500000 0.000000 
4.949747 16 53.500000 53.500000 0.000000 
4.949747 24 53.500000 53.500000 0.000000 
4.949747 24 53.500000 53.500000 0.000000 
3.535534 16 53.500000 53.500000 0.000000 
3.535534 24 53.500000 53.500000 0.000000 
4.949747 16 53.500000 53.500000 0.000000 
4.949747 24 53.500000 53.500000 0.000000 
4.949747 24 53.500000 53.500000 0.000000 
3.535534 16 53.500000 53.500000 0.000000 
3.535534 24 53.500000 53.500000 0.000000 
4.949747 16 53.500000 53.500000 0.000000 
4.949747 24 53.500000 53.500000 0.000000 
4.949747 24 53.500000 53.500000 0.000000 
3.535534 16 53.500000 53.500000 0.000000 
3.535534 24 53.500000 53.500000 0.000000 
4.949747 16 53.500000 53.500000 0.000000 
4.949747 24 53.500000 53.500000 0.000000 
4.949747 24 53.500000 53.500000 0.000000 
3.535534 16 53.500000 53.500000 0.000000 
3.535534 24 53.500000 53.500000 0.000000 
4.949747 16 53.500000 53.500000 0.000000 
4.949747 24 53.500000 53.500000 0.000000 
4.949747 24 53.500000 53.500000 0.000000 
3.535534 16 53.500000 53.500000 0.000000 
3.535534 24 53.500000 53.500000 0.000000 
4.949747 16 53.500000 53.500000 0.000000 
4.949747 24 53.500000 53.500000 0.000000 
4.949747 24 53.500000 53.500000 0.000000 
3.535534 16 53.500000 53.500000 0.000000 
3.535534 24 53.500000 53.500000 0.000000 
4.949747 16 53.500000 53.500000 0.000000 
4.949747 24 53.500000 53.500000 0.000000 
4.949747 24 53.500000 53.500000 0.000000 
3.535534 16 53.500000 53.500000 0.000000 
3.535534 24 53.500000 53.500000 0.000000 
4.949747 16 53.500000 53.500000 0.000000 
4.949747 24 53.500000 53.500000 0.000000 
4.949747 24 53.500000 53.500000 0.000000 
3.535534 16 53.500000 53.500000 0.000000 
3.535534 24 53.500000 53.500000 0.000000 
4.949747 16 53.500000 53.500000 0.000000 
4.949747 24 53.500000 53.500000 0.000000 
4.949747 24 53.500000 53.500000 0.000000 
3.535534 16 53.500000 53.500000 0.000000 
3.535534 24 53.500000 53.500000 0.000000 
4.949747 16 53.500000 53.500000 0.000000 
4.949747 24 53.500000 53.500000 0.000000 
4.949747 24 53.500000 53.500000 0.000000 
3.535534 16 53.500000 53.500000 0.000000 
3.535534 24 53.500000 53.500000 0.000000 
4.949747 16 53.500000 53.500000 0.000000 
4.949747 24 53.500000 53.500000 0.000000 
4.949747 24 53.500000 53.500000 0.000000 
3.535534 16 53.500000 53.500000 0.000000 
3.535534 24 53.500000 53.500000 0.000000 
4.949747 16 53.500000 53.500000 0.000000 
4.949747 24 53.500000 53.500000 0.000000 
4.949747 24 53.500000 53.500000 0.000000 
3.535534 16 53.500000 53.500000 0.000000 
3.535534 24 53.500000 53.500000 0.000000 
4.949747 16 53.500000 53.500000 0.000000 
4.949747 24 53.500000 53.500000 0.000000 
4.949747 24 53.500000 53.500000 0.000000 
3.535534 16 53.500000 53.500000 0.000000 
3.535534 24 53.500000 53.500000 0.000000 
4.949747 16 53.500000 53.500000 0.000000 
4.949747 24 53.500000 53.500000 0.000000 
4.949747 24 53.500000 53.500000 0.000000 
3.535534 16 53.500000 53.500000 0.000000 
3.535534 24 53.500000 53.500000 0.000000 
4.949747 16 53.500000 53.500000 0.000000 
4.949747 24 53.500000 53.500000 0.000000 
4.949747 24 53.500000 53.500000 0.000000 
3.535534 16 53.500000 53.500000 0.000000 
3.535534 24 53.500000 53.500000 0.000000 
4.949747 16 53.500000 53.500000 0.000000 
4.949747 24 53.500000 53.500000 0.000000 
4.949747 24 53.500000 53.500000 0.000000 
3.535534 16 53.500000 53.500000 0.000000 
3.535534 24 53.500000 53.500000 0.000000 
4.949747 16 53.500000 53.500000 0.000000 
4.949747 24 53.500000 53.500000 0.000000 
4.949747 24 53.500000 53.500000 0.000000 
3.535534 16 53.500000 53.500000 0.000000 
3.535534 24 53.500000 53.500000 0.000000 
4.949747 16 53.500000 53.500000 0.000000 
4.949747 24 53.500000 53.500000 0.000000 
4.949747 24 53.500000 53.500000 0.000000 
3.535534 16 53.500000 53.500000 0.000000 
3.535534 24 53.500000 53.500000 0.000000 
4.949747 16 53.500000 53.500000 0.000000 
