0.00000000000000000
0.06653619480007007
0.26638481957518390
0.59954592842507170
1.06601952134961750
1.66580559834886640
2.39890415942285750
3.26531520457184900
4.26503873379567460
5.39807474709430850
6.66442324446773100
8.06408422591608900
9.59705769143918100
11.26334364103609300
13.06294207470743800
14.99585299245323900
17.06207639427343300
19.26161228016866000
21.59446065013831300
23.02520292573036200
25.13943231568516600
27.38767699359340200
29.80677845371763000
31.72642538980321000
34.10560661475411000
36.29972271268301000
38.75753945510330000
40.87978866350608000
42.94934530983070000
45.10571304223313400
45.54048045767337000
46.94567101243736000
48.10526550835146500
49.27678071954199600
50.32199125091754000
51.50389612833176000
52.45582199223325400
52.87807553571859000
52.99368918467058600
53.34664855055426000
51.88115422454631400
50.36314789111755000
49.19862998991267500
47.56198999637897600
46.21230145032644000
44.92212889277487000
43.27556448527719000
41.00321770221140000
36.79834474003475000
32.65659281172240000
28.27196570381202200
21.46280088530868000
15.75619129033040000
10.89987541202914000
1.37522778253734560
0.50075035930692800
0.36126885751081184
0.27286951194914305
0.20355026203527624
0.16316152520594585
0.12675130958600653
0.09241586425376488
0.07244032228176164
0.05807114297859674
0.04738075644911947
0.04004038722027448
0.03123931329662755
0.02150930790936977
0.02351950125512248
0.02482629598337094
0.03372719983636231
0.04396736091807581
0.05493271060053400
0.06045985812017263
0.07270339128411503
0.09177207881510725
0.06373808548280802
0.07633073264101337
0.06450868654405088
0.06265506877606072
0.06964105596399500
0.06720645185666826
0.07466760414508562
0.06142807811728417
0.04533468810736153
0.04664549746427891
0.01267345468983451
0.01148693700276339
0.00921824482593583
0.00962195263101179
0.00920731131615033
0.00960915536520663
0.00410022649439176
0.00409729299949788
0.00344425983167144
0.00261688773439350
0.00325016939272191
0.00327200931002210
0.00381425673095091
0.00204679303646582
0.00215229357530778
0.00293719792101667
0.00224911513188206
0.00059458994176838
0.00028166001859379
0.00010417080696278
0.00007865018917237
0.00004006546583992
0.00006742899477285
0.00015591586273984
0.00032136359906263
0.00003165806266684
0.00000560624590547
0.00000895314743581
0.00000127405526665
0.00000003005496755
0.00000002703465128
0.00000003336047617
0.00000002689320387
0.00000002521663711
0.00000002855310315
0.00000003012228785
0.00000002300784056
0.00000002609295676
0.00000002814822288
0.00000002828560644
0.00000002733981102
0.00000003125779215
0.00000002307367063
0.00000002861264438
0.00000002671519188
0.00000002628464803
0.00000002968541045
0.00000003278327251
0.00000002378771601
0.00000003226120650
0.00000002244161958
0.00000003117055098
0.00000003167375420
0.00000002859012251
0.00000002629821559
0.00000002550721219
0.00000002567647943
0.00000002808633859
0.00000002808067368
0.00000002886408206
0.00000002231384480
0.00000002469628388
0.00000003026621512
0.00000002416066691
0.00000002797582416
0.00000002732425524
0.00000002891336826
0.00000002667471038
0.00000002728740797
0.00000002711837309
0.00000002238631753
0.00000002614845407
0.00000003279123984
0.00000002911441597
0.00000002432180757
0.00000002684477402
0.00000002744353896
0.00000002866877355
0.00000002254008655
0.00000002924760293
0.00000002468468457
0.00000002920661139
0.00000002279719297
0.00000002662309811
0.00000002535184364
0.00000002602562499
0.00000002678066291
0.00000002248488399
0.00000003121534981
0.00000002233451622
0.00000002861983548
0.00000003343720830
0.00000003530337852
0.00000005289347885
0.00000004060651357
