1.224745 8 100.000000 100.500000 100.500000 
2.915476 16 100.000000 100.500000 100.500000 
3.082207 12 100.000000 100.500000 100.500000 
4.062019 24 100.000000 100.500000 100.500000 
5.431390 64 100.000000 100.500000 100.500000 
6.964194 32 100.000000 100.500000 100.500000 
7.035624 16 100.000000 100.500000 100.500000 
8.276473 32 100.000000 100.500000 100.500000 
9.027735 24 100.000000 100.500000 100.500000 
10.024969 48 100.000000 100.500000 100.500000 
11.202678 128 100.000000 100.500000 100.500000 
12.509996 64 100.000000 100.500000 100.500000 
13.019217 28 100.000000 100.500000 100.500000 
14.159802 56 100.000000 100.500000 100.500000 
15.411035 44 100.000000 100.500000 100.500000 
16.015617 64 100.000000 100.500000 100.500000 
17.131842 160 100.000000 100.500000 100.500000 
18.343936 88 100.000000 100.500000 100.500000 
19.013153 68 100.000000 100.500000 100.500000 
20.112185 104 100.000000 100.500000 100.500000 
21.295539 104 100.000000 100.500000 100.500000 
22.549945 136 100.000000 100.500000 100.500000 
23.270153 244 100.000000 100.500000 100.500000 
24.259019 144 100.000000 100.500000 100.500000 
25.009998 72 100.000000 100.500000 100.500000 
26.086395 144 100.000000 100.500000 100.500000 
27.230498 116 100.000000 100.500000 100.500000 
28.008927 120 100.000000 100.500000 100.500000 
29.077483 256 100.000000 100.500000 100.500000 
30.207615 176 100.000000 100.500000 100.500000 
31.392674 144 100.000000 100.500000 100.500000 
32.070235 168 100.000000 100.500000 100.500000 
33.188854 144 100.000000 100.500000 100.500000 
34.358405 200 100.000000 100.500000 100.500000 
35.064227 252 100.000000 100.500000 100.500000 
36.173194 232 100.000000 100.500000 100.500000 
37.329613 240 100.000000 100.500000 100.500000 
38.529210 336 100.000000 100.500000 100.500000 
39.768078 376 100.000000 100.500000 100.500000 
41.042661 496 100.000000 100.500000 100.500000 
42.349734 592 100.000000 100.500000 100.500000 
43.686382 416 100.000000 100.500000 100.500000 
45.049972 360 100.000000 100.500000 100.500000 
46.438131 440 100.000000 100.500000 100.500000 
47.848720 464 100.000000 100.500000 100.500000 
49.279813 640 100.000000 100.500000 100.500000 
50.729676 664 100.000000 100.500000 100.500000 
52.196743 648 100.000000 100.500000 100.500000 
53.679605 904 100.000000 100.500000 100.500000 
55.176988 728 100.000000 100.500000 100.500000 
56.687741 760 100.000000 100.500000 100.500000 
58.210824 912 100.000000 100.500000 100.500000 
59.745293 912 100.000000 100.500000 100.500000 
61.290293 1152 100.000000 100.500000 100.500000 
62.845048 1272 100.000000 100.500000 100.500000 
64.408850 1088 100.000000 100.500000 100.500000 
65.981058 960 100.000000 100.500000 100.500000 
67.561083 1144 100.000000 100.500000 100.500000 
69.148391 1184 100.000000 100.500000 100.500000 
70.742491 1400 100.000000 100.500000 100.500000 
72.342933 2024 100.000000 100.500000 100.500000 
73.949307 1664 100.000000 100.500000 100.500000 
75.561233 1488 100.000000 100.500000 100.500000 
77.178365 1816 100.000000 100.500000 100.500000 
78.800381 1880 100.000000 100.500000 100.500000 
80.426986 2088 100.000000 100.500000 100.500000 
82.057906 3040 100.000000 100.500000 100.500000 
83.692891 2352 100.000000 100.500000 100.500000 
85.331706 2284 100.000000 100.500000 100.500000 
86.974134 2900 100.000000 100.500000 100.500000 
88.619975 2864 100.000000 100.500000 100.500000 
90.269042 3344 100.000000 100.500000 100.500000 
91.921162 3960 100.000000 100.500000 100.500000 
93.576172 3756 100.000000 100.500000 100.500000 
95.233923 3776 100.000000 100.500000 100.500000 
96.894272 4148 100.000000 100.500000 100.500000 
98.557090 4832 100.000000 100.500000 100.500000 
100.222253 4952 100.000000 100.500000 100.500000 
101.889646 5992 100.000000 100.500000 100.500000 
103.559162 5456 100.000000 100.500000 100.500000 
105.230699 5616 100.000000 100.500000 100.500000 
106.904163 5712 100.000000 100.500000 100.500000 
108.579464 6344 100.000000 100.500000 100.500000 
110.256519 6496 100.000000 100.500000 100.500000 
111.935249 7176 100.000000 100.500000 100.500000 
113.615580 7124 100.000000 100.500000 100.500000 
115.297441 7540 100.000000 100.500000 100.500000 
116.980768 8584 100.000000 100.500000 100.500000 
118.665496 8256 100.000000 100.500000 100.500000 
120.351568 8608 100.000000 100.500000 100.500000 
122.038928 9284 100.000000 100.500000 100.500000 
123.727523 8632 100.000000 100.500000 100.500000 
125.417303 8184 100.000000 100.500000 100.500000 
127.108222 8808 100.000000 100.500000 100.500000 
128.800233 9120 100.000000 100.500000 100.500000 
130.493295 10364 100.000000 100.500000 100.500000 
132.187367 11656 100.000000 100.500000 100.500000 
133.882411 10920 100.000000 100.500000 100.500000 
135.578391 11776 100.000000 100.500000 100.500000 
136.548526 12088 99.966909 100.500000 100.500000 
