2.692582 8 103.250000 100.500000 0.000000 
2.915476 10 103.300000 100.400000 0.000000 
3.354102 11 103.363636 100.636364 0.000000 
2.915476 11 103.454545 100.727273 0.000000 
2.915476 13 103.615385 100.615385 0.000000 
3.201562 15 103.600000 100.400000 0.000000 
3.905125 15 104.000000 100.600000 0.000000 
4.301163 18 104.055556 100.555556 0.000000 
4.716991 20 103.900000 100.650000 0.000000 
5.147815 30 103.866667 100.466667 0.000000 
5.408327 19 103.052632 101.631579 0.000000 
4.472136 14 102.714286 102.071429 0.000000 
4.924429 17 102.764706 102.000000 0.000000 
5.590170 20 102.650000 102.100000 0.000000 
6.264982 24 102.166667 101.875000 0.000000 
6.264982 28 102.607143 102.035714 0.000000 
6.708204 28 102.071429 102.071429 0.000000 
6.324555 25 102.640000 101.960000 0.000000 
7.433034 29 102.620690 101.827586 0.000000 
7.433034 32 102.656250 101.812500 0.000000 
8.544004 42 102.738095 101.809524 0.000000 
8.544004 38 102.447368 101.947368 0.000000 
9.394147 47 102.361702 101.893617 0.000000 
9.848858 52 102.115385 101.961538 0.000000 
10.307764 40 102.300000 101.900000 0.000000 
10.124228 34 101.176471 102.441176 0.000000 
10.594810 41 101.048780 102.317073 0.000000 
11.067972 42 101.571429 102.404762 0.000000 
11.543396 49 101.285714 102.183673 0.000000 
11.543396 57 101.982456 102.473684 0.000000 
12.175796 58 101.551724 102.310345 0.000000 
12.649111 50 101.120000 102.560000 0.000000 
13.285330 64 101.796875 102.531250 0.000000 
13.285330 63 100.841270 102.476190 0.000000 
13.756816 73 101.986301 102.534247 0.000000 
13.928388 68 100.632353 102.735294 0.000000 
15.041609 78 100.846154 102.653846 0.000000 
15.041609 92 100.391304 102.445652 0.000000 
15.692355 96 101.802083 102.562500 0.000000 
15.890249 96 100.947917 102.843750 0.000000 
16.101242 102 101.578431 103.176471 0.000000 
16.101242 92 101.315217 102.858696 0.000000 
16.552945 66 101.318182 103.030303 0.000000 
17.219175 67 102.522388 102.985075 0.000000 
17.219175 63 100.952381 103.206349 0.000000 
17.219175 68 102.500000 103.470588 0.000000 
17.442764 64 100.937500 103.656250 0.000000 
16.378339 73 101.589041 103.794521 0.000000 
16.378339 66 101.030303 103.560606 0.000000 
16.807736 96 101.989583 103.739583 0.000000 
16.807736 66 99.545455 103.590909 0.000000 
16.643317 69 100.594203 102.681159 0.000000 
17.492856 66 99.575758 102.848485 0.000000 
17.677670 66 100.530303 102.803030 0.000000 
17.923448 67 99.000000 102.880597 0.000000 
17.923448 62 100.661290 102.322581 0.000000 
18.357560 64 99.203125 102.250000 0.000000 
18.117671 71 100.056338 102.267606 0.000000 
18.794946 73 99.876712 102.054795 0.000000 
18.794946 78 98.666667 102.500000 0.000000 
18.794946 72 99.319444 102.347222 0.000000 
19.678669 78 99.230769 102.666667 0.000000 
19.678669 73 97.671233 102.575342 0.000000 
20.124612 83 97.746988 102.421687 0.000000 
20.796634 88 97.227273 102.147727 0.000000 
20.796634 85 97.470588 102.600000 0.000000 
20.796634 82 97.878049 102.390244 0.000000 
21.470911 83 98.469880 102.638554 0.000000 
21.914607 94 97.797872 102.595745 0.000000 
21.914607 94 97.159574 102.393617 0.000000 
21.470911 93 97.784946 102.193548 0.000000 
21.914607 100 97.920000 102.720000 0.000000 
22.147235 99 96.262626 101.777778 0.000000 
22.588714 87 95.367816 102.390805 0.000000 
22.360680 95 93.778947 101.789474 0.000000 
22.808989 81 96.049383 101.814815 0.000000 
22.808989 102 93.656863 101.176471 0.000000 
23.259407 96 96.354167 101.135417 0.000000 
23.926972 111 94.162162 101.540541 0.000000 
23.926972 95 97.410526 101.515789 0.000000 
24.596748 96 96.572917 101.375000 0.000000 
24.596748 100 95.170000 101.290000 0.000000 
24.596748 87 93.597701 101.735632 0.000000 
23.942640 84 91.630952 101.797619 0.000000 
23.942640 104 90.615385 101.788462 0.000000 
24.622145 85 90.388235 101.811765 0.000000 
25.059928 90 89.000000 101.355556 0.000000 
25.500000 85 90.105882 101.835294 0.000000 
25.739075 88 87.534091 101.284091 0.000000 
25.739075 84 87.511905 102.535714 0.000000 
26.669271 85 85.070588 102.223529 0.000000 
26.239284 77 84.688312 102.558442 0.000000 
26.669271 86 83.604651 102.232558 0.000000 
27.189152 84 82.880952 102.369048 0.000000 
27.613403 98 81.357143 101.510204 0.000000 
27.879204 76 82.671053 100.986842 0.000000 
27.784888 82 81.524390 100.731707 0.000000 
26.419690 73 81.835616 101.972603 0.000000 
27.354159 81 80.382716 101.777778 0.000000 
27.354159 76 80.750000 101.986842 0.000000 
27.784888 83 79.843373 101.831325 0.000000 
27.354159 85 79.658824 101.470588 0.000000 
27.784888 88 78.863636 101.500000 0.000000 
28.040150 94 78.925532 101.180851 0.000000 
28.217902 90 78.800000 101.011111 0.000000 
28.040150 95 78.821053 100.631579 0.000000 
28.469282 84 79.976190 100.369048 0.000000 
28.469282 104 78.490385 100.317308 0.000000 
29.154759 110 78.827273 99.863636 0.000000 
29.154759 113 78.646018 100.053097 0.000000 
29.415132 114 79.114035 99.745614 0.000000 
29.841247 130 78.584615 99.761538 0.000000 
29.841247 124 78.225806 100.282258 0.000000 
30.103986 132 78.340909 99.643939 0.000000 
30.103986 116 78.629310 99.767241 0.000000 
30.793668 135 77.637037 99.674074 0.000000 
30.528675 121 78.388430 99.223140 0.000000 
31.216983 150 78.233333 98.846667 0.000000 
31.216983 123 78.650407 98.813008 0.000000 
31.484123 152 78.111842 98.401316 0.000000 
31.906112 142 76.338028 99.612676 0.000000 
31.906112 133 76.315789 100.060150 0.000000 
32.596012 142 75.704225 99.992958 0.000000 
32.596012 173 75.751445 99.549133 0.000000 
33.286634 159 75.786164 99.534591 0.000000 
33.286634 181 76.585635 99.116022 0.000000 
33.708308 166 76.885542 99.054217 0.000000 
32.596012 184 76.217391 99.342391 0.000000 
33.018934 182 77.291209 98.434066 0.000000 
33.018934 192 75.578125 99.255208 0.000000 
33.443983 161 76.639752 99.037267 0.000000 
33.018934 174 76.396552 98.591954 0.000000 
33.443983 159 76.427673 99.062893 0.000000 
33.443983 170 75.847059 98.876471 0.000000 
34.132096 169 75.958580 99.609467 0.000000 
33.615473 179 74.335196 100.474860 0.000000 
33.615473 168 76.404762 99.678571 0.000000 
34.047761 171 75.292398 99.356725 0.000000 
34.047761 187 74.983957 99.122995 0.000000 
34.481879 179 73.927374 99.675978 0.000000 
34.238137 164 76.469512 99.024390 0.000000 
34.441980 156 75.301282 100.108974 0.000000 
33.559648 158 74.886076 100.348101 0.000000 
34.000000 151 74.960265 100.615894 0.000000 
33.767588 155 73.851613 101.000000 0.000000 
34.212571 153 73.960784 100.928105 0.000000 
34.441980 151 73.675497 101.258278 0.000000 
31.815877 163 73.128834 101.251534 0.000000 
31.815877 172 73.604651 101.273256 0.000000 
32.070235 149 73.798658 100.926174 0.000000 
32.500000 150 73.880000 101.120000 0.000000 
32.756679 157 73.280255 100.452229 0.000000 
33.185087 143 74.608392 100.069930 0.000000 
31.906112 147 75.721088 100.353741 0.000000 
32.175301 136 76.750000 100.066176 0.000000 
30.927334 148 76.445946 100.878378 0.000000 
31.622777 144 76.666667 99.576389 0.000000 
31.212978 138 76.275362 99.543478 0.000000 
31.622777 146 75.739726 99.424658 0.000000 
31.212978 136 76.102941 100.176471 0.000000 
31.910030 149 74.939597 100.268456 0.000000 
31.910030 153 74.732026 100.424837 0.000000 
32.202484 169 74.071006 99.337278 0.000000 
32.607514 162 74.067901 99.432099 0.000000 
32.607514 170 74.147059 98.882353 0.000000 
32.901368 170 73.894118 97.817647 0.000000 
32.901368 169 74.491124 98.017751 0.000000 
33.200151 166 74.481928 96.969880 0.000000 
33.200151 172 74.133721 97.180233 0.000000 
32.802439 171 74.298246 97.298246 0.000000 
33.503731 169 74.408284 97.147929 0.000000 
33.503731 175 75.188571 98.240000 0.000000 
33.811980 155 75.683871 96.729032 0.000000 
33.503731 150 75.853333 97.713333 0.000000 
33.811980 151 76.013245 98.596026 0.000000 
33.811980 175 75.137143 97.022857 0.000000 
33.811980 155 75.341935 98.064516 0.000000 
34.124771 178 75.247191 96.679775 0.000000 
34.124771 155 75.187097 98.567742 0.000000 
34.441980 149 74.778523 97.724832 0.000000 
34.124771 155 74.903226 98.664516 0.000000 
34.441980 160 74.543750 97.887500 0.000000 
34.124771 155 74.870968 98.625806 0.000000 
34.441980 175 74.320000 98.508571 0.000000 
34.124771 152 75.493421 99.782895 0.000000 
34.383862 168 75.130952 99.809524 0.000000 
34.058773 167 75.161677 100.616766 0.000000 
34.763487 188 75.000000 100.515957 0.000000 
34.441980 177 75.485876 101.310734 0.000000 
34.763487 166 75.018072 100.487952 0.000000 
34.441980 173 74.722543 100.976879 0.000000 
35.468296 169 73.816568 99.615385 0.000000 
35.146124 148 74.398649 99.418919 0.000000 
35.468296 170 74.429412 100.588235 0.000000 
35.146124 168 74.559524 100.321429 0.000000 
35.794553 157 74.401274 100.121019 0.000000 
35.850384 157 74.713376 100.414013 0.000000 
36.173194 158 74.683544 100.392405 0.000000 
35.850384 178 74.370787 100.977528 0.000000 
35.383612 169 75.005917 101.556213 0.000000 
35.046398 174 74.367816 101.316092 0.000000 
35.752622 179 74.100559 100.938547 0.000000 
35.418921 170 73.900000 100.429412 0.000000 
35.752622 169 73.923077 100.402367 0.000000 
36.124784 182 73.494505 100.642857 0.000000 
36.458881 191 73.696335 101.293194 0.000000 
35.752622 212 73.334906 102.311321 0.000000 
36.090165 183 73.480874 100.420765 0.000000 
36.458881 193 73.518135 101.512953 0.000000 
36.796739 181 73.635359 101.077348 0.000000 
36.124784 179 73.033520 100.765363 0.000000 
35.146124 173 73.791908 100.473988 0.000000 
34.441980 170 73.888235 100.517647 0.000000 
34.763487 159 74.421384 99.515723 0.000000 
34.441980 167 74.311377 99.029940 0.000000 
34.441980 171 74.052632 99.035088 0.000000 
33.811980 167 73.994012 98.646707 0.000000 
34.124771 179 74.251397 100.067039 0.000000 
34.205263 162 74.074074 98.376543 0.000000 
34.514490 146 75.157534 97.780822 0.000000 
33.600595 151 74.900662 97.715232 0.000000 
33.600595 161 75.093168 97.819876 0.000000 
33.600595 161 74.950311 97.931677 0.000000 
33.600595 170 75.017647 98.205882 0.000000 
33.600595 175 74.588571 98.142857 0.000000 
33.600595 177 74.887006 98.435028 0.000000 
33.600595 178 74.511236 97.983146 0.000000 
33.900590 178 74.780899 98.393258 0.000000 
33.712016 179 74.564246 98.307263 0.000000 
34.300146 196 74.367347 98.331633 0.000000 
33.712016 183 73.530055 98.038251 0.000000 
34.003676 170 73.723529 97.252941 0.000000 
33.712016 152 73.526316 97.539474 0.000000 
34.003676 157 73.184713 97.210191 0.000000 
33.712016 151 73.125828 96.476821 0.000000 
34.003676 152 73.269737 96.710526 0.000000 
33.712016 146 73.191781 96.842466 0.000000 
34.003676 144 73.395833 96.493056 0.000000 
33.712016 150 73.073333 96.533333 0.000000 
34.409301 154 73.246753 96.558442 0.000000 
34.121108 161 73.155280 96.447205 0.000000 
34.409301 173 72.543353 97.011561 0.000000 
34.121108 148 73.243243 95.831081 0.000000 
34.003676 157 73.974522 96.770701 0.000000 
33.712016 137 74.094891 96.145985 0.000000 
34.003676 141 73.595745 95.794326 0.000000 
33.712016 143 73.923077 96.272727 0.000000 
34.409301 138 73.891304 95.688406 0.000000 
34.121108 148 73.391892 96.662162 0.000000 
34.409301 149 74.013423 97.013423 0.000000 
34.121108 159 72.276730 97.176101 0.000000 
34.817381 144 72.638889 97.361111 0.000000 
34.532593 143 73.517483 97.279720 0.000000 
34.409301 149 73.630872 98.026846 0.000000 
33.712016 145 74.662069 97.786207 0.000000 
34.409301 150 73.993333 97.440000 0.000000 
34.121108 163 72.797546 97.184049 0.000000 
34.817381 161 73.055901 97.906832 0.000000 
34.532593 157 72.840764 98.038217 0.000000 
35.227830 164 72.219512 98.024390 0.000000 
34.946388 172 72.424419 97.581395 0.000000 
35.227830 157 72.471338 98.178344 0.000000 
35.362409 151 72.788079 97.410596 0.000000 
35.640567 155 71.948387 97.225806 0.000000 
35.362409 146 72.520548 96.335616 0.000000 
35.640567 157 72.121019 96.299363 0.000000 
35.780581 155 72.645161 96.470968 0.000000 
36.055513 165 72.351515 97.648485 0.000000 
35.780581 155 72.470968 96.509677 0.000000 
36.472592 184 72.239130 97.168478 0.000000 
36.472592 172 72.424419 96.081395 0.000000 
36.891733 167 73.233533 96.143713 0.000000 
36.472592 179 72.592179 96.849162 0.000000 
37.165172 178 72.758427 95.275281 0.000000 
37.165172 162 74.006173 96.969136 0.000000 
37.443290 158 74.708861 97.101266 0.000000 
37.165172 146 76.027397 96.931507 0.000000 
37.443290 156 74.903846 95.775641 0.000000 
37.725986 152 75.019737 97.631579 0.000000 
38.013156 140 75.028571 96.278571 0.000000 
38.013156 143 75.237762 95.972028 0.000000 
38.304699 130 74.953846 95.907692 0.000000 
38.600518 143 74.300699 95.069930 0.000000 
38.600518 141 75.312057 96.531915 0.000000 
39.204592 165 72.872727 94.509091 0.000000 
39.204592 148 75.074324 95.560811 0.000000 
39.824616 178 72.994382 92.977528 0.000000 
39.512656 176 74.721591 95.113636 0.000000 
39.512656 189 72.629630 92.375661 0.000000 
39.512656 193 73.746114 94.430052 0.000000 
40.140379 199 71.537688 92.115578 0.000000 
40.459857 205 71.756098 93.380488 0.000000 
40.140379 207 71.884058 93.043478 0.000000 
40.459857 199 72.442211 95.643216 0.000000 
40.459857 210 71.923810 93.695238 0.000000 
40.459857 181 72.408840 95.309392 0.000000 
40.459857 193 72.487047 94.305699 0.000000 
40.140379 177 71.610169 94.790960 0.000000 
40.782962 179 71.798883 94.541899 0.000000 
40.782962 178 71.775281 95.056180 0.000000 
41.109610 191 71.821990 95.167539 0.000000 
41.109610 200 71.775000 96.090000 0.000000 
41.109610 190 72.910526 94.615789 0.000000 
41.773197 200 72.650000 94.905000 0.000000 
41.773197 207 73.637681 93.763285 0.000000 
42.449971 211 71.772512 95.639810 0.000000 
42.449971 187 74.283422 94.026738 0.000000 
42.793107 190 73.457895 93.373684 0.000000 
42.793107 189 73.201058 92.608466 0.000000 
43.139309 187 73.128342 95.278075 0.000000 
43.139309 192 73.843750 94.437500 0.000000 
43.488504 197 73.106599 95.025381 0.000000 
43.139309 190 73.468421 94.936842 0.000000 
43.139309 205 73.404878 96.565854 0.000000 
43.488504 211 73.004739 95.436019 0.000000 
44.195588 216 72.185185 96.407407 0.000000 
44.195588 228 73.171053 96.706140 0.000000 
44.902673 218 72.197248 98.408257 0.000000 
44.902673 222 72.891892 97.495495 0.000000 
45.961941 224 71.928571 99.258929 0.000000 
45.961941 211 74.189573 96.739336 0.000000 
46.316844 226 75.424779 97.853982 0.000000 
45.967380 198 75.505051 98.494949 0.000000 
47.023930 225 76.235556 98.777778 0.000000 
46.674404 216 74.976852 99.472222 0.000000 
47.381431 222 75.009009 98.558559 0.000000 
47.034562 215 75.227907 100.093023 0.000000 
48.088460 208 74.533654 99.153846 0.000000 
48.088460 221 75.751131 99.936652 0.000000 
48.088460 204 73.544118 100.725490 0.000000 
48.088460 223 74.313901 101.524664 0.000000 
48.795492 204 71.808824 99.710784 0.000000 
49.145193 218 72.692661 100.747706 0.000000 
49.502525 203 71.270936 101.192118 0.000000 
49.502525 218 70.027523 101.931193 0.000000 
49.497475 205 71.204878 101.297561 0.000000 
49.852282 206 70.849515 99.747573 0.000000 
49.852282 210 70.100000 101.385714 0.000000 
50.209561 209 70.435407 98.918660 0.000000 
50.224496 203 70.714286 101.004926 0.000000 
50.569259 218 70.137615 101.596330 0.000000 
50.931326 210 71.285714 101.038095 0.000000 
50.931326 220 71.459091 102.009091 0.000000 
51.295711 238 70.974790 101.222689 0.000000 
51.295711 251 71.414343 101.031873 0.000000 
51.295711 257 71.867704 102.276265 0.000000 
51.638164 250 73.136000 102.444000 0.000000 
52.368884 273 72.201465 102.501832 0.000000 
52.709107 276 72.387681 103.050725 0.000000 
52.709107 288 71.704861 102.062500 0.000000 
53.051861 302 73.274834 102.407285 0.000000 
53.415822 297 72.117845 102.104377 0.000000 
53.758720 312 72.826923 101.448718 0.000000 
53.758720 320 72.496875 101.571875 0.000000 
54.104066 326 73.567485 102.644172 0.000000 
54.465585 312 72.564103 101.762821 0.000000 
54.811039 324 72.148148 102.780864 0.000000 
54.811039 309 73.595469 103.249191 0.000000 
54.811039 319 74.115987 102.617555 0.000000 
55.518015 330 73.766667 102.784848 0.000000 
55.518015 331 74.767372 105.087613 0.000000 
55.865911 320 72.015625 103.484375 0.000000 
55.865911 307 73.573290 104.296417 0.000000 
56.572962 284 72.577465 103.739437 0.000000 
56.572962 304 73.332237 105.773026 0.000000 
56.572962 293 73.146758 103.320819 0.000000 
56.923194 267 75.172285 104.389513 0.000000 
57.280014 272 73.595588 103.764706 0.000000 
57.280014 270 74.262963 103.366667 0.000000 
57.630287 296 73.162162 103.152027 0.000000 
57.630287 292 73.280822 102.821918 0.000000 
58.337381 288 71.395833 102.336806 0.000000 
58.337381 284 71.373239 103.647887 0.000000 
58.337381 298 70.973154 104.224832 0.000000 
58.689863 336 69.020833 104.779762 0.000000 
59.044475 321 69.956386 104.258567 0.000000 
59.396970 325 68.716923 101.464615 0.000000 
59.396970 287 68.954704 104.024390 0.000000 
59.751569 310 67.422581 105.329032 0.000000 
60.104076 297 69.764310 105.579125 0.000000 
60.458664 312 68.150641 106.548077 0.000000 
59.751569 322 68.605590 106.524845 0.000000 
60.104076 331 66.302115 107.682779 0.000000 
60.458664 344 67.802326 105.322674 0.000000 
60.811183 359 66.688022 107.534819 0.000000 
60.458664 356 66.879213 107.764045 0.000000 
60.811183 372 66.016129 108.088710 0.000000 
61.165758 389 65.673522 108.002571 0.000000 
61.872853 376 65.542553 108.946809 0.000000 
61.522354 395 66.172152 108.703797 0.000000 
61.872853 370 66.681081 108.475676 0.000000 
62.229414 405 64.930864 109.118519 0.000000 
62.936476 400 66.640000 108.512500 0.000000 
62.936476 388 66.902062 108.827320 0.000000 
62.936476 384 66.716146 108.052083 0.000000 
63.643539 405 66.004938 109.325926 0.000000 
64.001953 393 67.325700 107.254453 0.000000 
64.001953 376 66.050532 109.202128 0.000000 
64.001953 366 67.710383 108.437158 0.000000 
64.708964 390 64.584615 109.446154 0.000000 
65.069194 382 64.772251 109.337696 0.000000 
65.415977 371 66.129380 107.641509 0.000000 
65.415977 389 64.377892 109.215938 0.000000 
65.776135 409 64.002445 107.640587 0.000000 
66.483081 406 64.022167 109.401478 0.000000 
66.483081 409 64.902200 108.266504 0.000000 
66.830008 399 64.012531 110.007519 0.000000 
67.190029 408 64.308824 109.308824 0.000000 
67.896981 419 63.143198 109.806683 0.000000 
67.896981 404 65.646040 109.024752 0.000000 
68.244047 391 63.976982 108.631714 0.000000 
67.915389 410 64.058537 108.414634 0.000000 
68.622154 434 63.691244 108.582949 0.000000 
68.622154 417 63.486811 108.654676 0.000000 
68.965571 427 63.313817 108.543326 0.000000 
68.987318 395 63.144304 109.318987 0.000000 
69.693974 402 63.736318 108.860697 0.000000 
69.693974 385 63.537662 109.233766 0.000000 
69.693974 386 64.751295 107.740933 0.000000 
70.400639 403 63.014888 108.880893 0.000000 
70.767224 404 63.849010 109.670792 0.000000 
71.107313 424 64.169811 109.948113 0.000000 
70.767224 422 65.556872 109.630332 0.000000 
71.473771 394 64.230964 110.197970 0.000000 
71.505245 422 63.933649 110.528436 0.000000 
71.841840 405 63.333333 110.624691 0.000000 
71.505245 405 63.977778 110.232099 0.000000 
72.211495 411 63.491484 111.647202 0.000000 
72.249567 429 63.249417 111.039627 0.000000 
72.582711 384 64.489583 110.216146 0.000000 
72.249567 376 65.752660 108.260638 0.000000 
72.955466 356 64.994382 108.390449 0.000000 
73.000000 350 66.120000 108.560000 0.000000 
73.329735 339 66.241888 107.162242 0.000000 
73.000000 341 66.598240 107.695015 0.000000 
73.705495 333 67.321321 105.966967 0.000000 
74.082724 334 67.742515 106.985030 0.000000 
74.411021 341 67.859238 106.967742 0.000000 
74.082724 348 66.850575 107.445402 0.000000 
74.788034 332 66.481928 108.731928 0.000000 
75.166482 327 68.027523 107.740061 0.000000 
75.166482 333 65.591592 110.045045 0.000000 
75.493377 324 65.759259 109.114198 0.000000 
75.871602 295 68.684746 108.128814 0.000000 
76.576759 278 70.485612 106.604317 0.000000 
76.251229 288 70.857639 106.579861 0.000000 
76.576759 300 72.043333 105.273333 0.000000 
76.632239 296 72.037162 105.097973 0.000000 
77.336925 273 71.289377 105.219780 0.000000 
77.014609 283 70.021201 106.060071 0.000000 
77.336925 264 70.958333 104.662879 0.000000 
77.398320 282 70.574468 105.453901 0.000000 
78.102497 268 72.664179 102.955224 0.000000 
77.783353 279 72.817204 103.258065 0.000000 
78.102497 263 72.136882 103.661597 0.000000 
78.169687 264 72.522727 103.094697 0.000000 
78.873316 257 72.424125 102.887160 0.000000 
78.557304 268 71.884328 103.223881 0.000000 
79.191224 249 71.706827 103.722892 0.000000 
79.260646 236 72.936441 102.500000 0.000000 
79.964054 226 72.380531 102.814159 0.000000 
79.649231 242 72.326446 103.355372 0.000000 
80.280757 230 72.339130 102.804348 0.000000 
80.352349 237 72.274262 103.227848 0.000000 
81.055537 236 70.724576 104.334746 0.000000 
80.741873 226 68.986726 105.876106 0.000000 
81.371064 223 70.076233 104.632287 0.000000 
81.444767 217 69.258065 105.700461 0.000000 
82.147733 216 71.000000 103.527778 0.000000 
81.835200 211 70.213270 104.265403 0.000000 
82.462113 227 71.612335 102.105727 0.000000 
82.537870 223 69.650224 103.964126 0.000000 
83.240615 216 70.189815 102.583333 0.000000 
82.929187 224 69.669643 103.616071 0.000000 
83.553875 201 69.194030 103.855721 0.000000 
83.631633 212 69.438679 104.023585 0.000000 
84.334157 202 68.712871 105.450495 0.000000 
84.023806 222 68.531532 105.504505 0.000000 
84.646323 214 67.528037 107.771028 0.000000 
84.726029 217 68.474654 106.041475 0.000000 
85.428333 227 68.449339 106.475771 0.000000 
85.119034 222 68.855856 106.391892 0.000000 
85.739431 215 70.148837 104.730233 0.000000 
85.821035 211 70.549763 105.137441 0.000000 
86.523118 210 70.171429 104.790476 0.000000 
86.214848 218 69.857798 105.596330 0.000000 
86.833173 226 71.907080 102.752212 0.000000 
86.916627 229 71.502183 102.716157 0.000000 
87.618491 240 72.591667 101.416667 0.000000 
87.311225 257 72.735409 100.603113 0.000000 
87.927527 266 73.067669 100.443609 0.000000 
88.012783 262 72.610687 100.179389 0.000000 
88.714429 273 73.274725 99.304029 0.000000 
88.408144 250 71.728000 100.600000 0.000000 
89.022469 273 73.992674 98.062271 0.000000 
89.109483 258 73.399225 98.503876 0.000000 
89.810912 269 73.568773 98.193309 0.000000 
89.505586 263 71.889734 99.646388 0.000000 
90.117978 294 73.380952 97.799320 0.000000 
90.206707 276 72.025362 99.239130 0.000000 
90.907920 292 70.969178 100.047945 0.000000 
90.603532 278 71.035971 99.679856 0.000000 
91.214034 290 71.210345 100.100000 0.000000 
91.304436 293 71.812287 98.918089 0.000000 
92.005435 305 71.800000 99.675410 0.000000 
91.701963 276 70.963768 100.898551 0.000000 
92.310617 274 70.762774 101.229927 0.000000 
92.402651 280 71.914286 99.682143 0.000000 
93.103437 266 72.041353 99.969925 0.000000 
92.800862 254 72.708661 99.299213 0.000000 
93.407708 263 73.414449 98.676806 0.000000 
93.501337 254 74.208661 97.618110 0.000000 
94.201911 266 74.864662 97.360902 0.000000 
93.900213 262 74.637405 96.282443 0.000000 
94.505291 275 75.203636 96.960000 0.000000 
94.600476 255 73.698039 97.164706 0.000000 
95.300839 253 73.130435 97.525692 0.000000 
95.000000 268 73.339552 97.082090 0.000000 
95.603347 281 72.921708 97.117438 0.000000 
95.700052 296 73.043919 96.770270 0.000000 
96.400207 293 73.105802 97.324232 0.000000 
96.100208 304 73.075658 97.565789 0.000000 
96.701861 298 73.325503 97.463087 0.000000 
96.800052 320 73.403125 97.731250 0.000000 
97.500000 329 73.689970 97.516717 0.000000 
97.200823 338 74.014793 96.511834 0.000000 
97.800818 326 73.432515 97.996933 0.000000 
97.900460 323 74.417957 97.164087 0.000000 
98.600203 338 74.497041 96.763314 0.000000 
98.301831 344 74.578488 97.601744 0.000000 
98.900202 309 73.822006 98.352751 0.000000 
99.001263 325 75.101538 98.181538 0.000000 
99.700802 327 74.247706 98.981651 0.000000 
99.403219 341 76.592375 97.865103 0.000000 
100.000000 306 75.026144 98.261438 0.000000 
100.102448 300 74.593333 97.876667 0.000000 
100.801786 280 73.650000 98.396429 0.000000 
100.504975 264 73.700758 97.886364 0.000000 
101.100198 258 74.949612 98.379845 0.000000 
101.204002 242 74.202479 98.690083 0.000000 
101.903140 242 75.338843 98.086777 0.000000 
101.607086 237 73.827004 99.113924 0.000000 
102.200783 242 74.268595 99.272727 0.000000 
102.305914 241 74.385892 98.829876 0.000000 
103.004854 254 74.433071 97.925197 0.000000 
102.709542 243 75.444444 98.810700 0.000000 
103.301742 248 74.411290 99.032258 0.000000 
103.408172 253 74.490119 99.059289 0.000000 
104.106916 270 73.911111 99.007407 0.000000 
103.812331 243 74.543210 98.399177 0.000000 
104.403065 248 74.145161 99.201613 0.000000 
104.510765 240 73.495833 99.133333 0.000000 
105.209315 244 73.565574 99.459016 0.000000 
104.915442 242 72.685950 99.888430 0.000000 
105.504739 252 72.753968 100.126984 0.000000 
105.613683 252 72.174603 100.738095 0.000000 
106.312041 260 72.703846 100.657692 0.000000 
106.018866 270 70.959259 101.911111 0.000000 
106.606754 253 73.197628 100.418972 0.000000 
106.716915 254 73.748031 99.940945 0.000000 
107.415083 249 74.377510 99.337349 0.000000 
107.122593 248 75.298387 98.870968 0.000000 
107.709099 253 76.229249 98.517787 0.000000 
107.820453 254 75.547244 98.791339 0.000000 
108.518432 244 75.159836 99.385246 0.000000 
108.226614 240 76.712500 99.066667 0.000000 
108.811764 232 76.284483 99.754310 0.000000 
108.924286 262 77.656489 98.366412 0.000000 
109.622078 250 75.640000 99.560000 0.000000 
109.330920 258 75.895349 98.658915 0.000000 
109.914740 256 74.605469 99.488281 0.000000 
110.028405 261 73.839080 99.049808 0.000000 
110.726013 257 73.704280 99.782101 0.000000 
110.435502 251 74.015936 99.932271 0.000000 
111.018017 258 73.127907 100.922481 0.000000 
111.132803 255 75.078431 99.721569 0.000000 
111.830228 258 75.639535 100.000000 0.000000 
111.540351 264 75.253788 99.996212 0.000000 
112.121586 253 75.849802 100.110672 0.000000 
112.237471 256 76.171875 99.976563 0.000000 
112.934716 263 75.817490 99.828897 0.000000 
112.645462 272 75.698529 99.650735 0.000000 
113.225439 280 76.582143 98.732143 0.000000 
113.342402 311 76.437299 98.813505 0.000000 
114.039467 282 77.960993 98.184397 0.000000 
113.750824 301 80.229236 97.089701 0.000000 
114.329567 298 79.003356 98.023490 0.000000 
114.447586 321 80.380062 96.604361 0.000000 
115.144474 322 78.810559 97.673913 0.000000 
114.856432 317 79.548896 96.958991 0.000000 
115.433964 333 80.306306 96.441441 0.000000 
115.553018 322 80.273292 96.698758 0.000000 
116.249731 337 79.676558 96.937685 0.000000 
115.962278 346 81.315029 96.332370 0.000000 
116.538620 361 79.581717 96.941828 0.000000 
116.658690 372 82.938172 95.099462 0.000000 
117.355230 329 80.595745 95.006079 0.000000 
117.068356 338 79.961538 95.130178 0.000000 
117.643529 325 81.707692 94.609231 0.000000 
117.764596 334 82.401198 93.541916 0.000000 
118.460964 337 81.715134 94.029674 0.000000 
118.174659 333 81.522523 94.732733 0.000000 
118.748684 349 83.309456 94.455587 0.000000 
118.870728 322 81.260870 95.819876 0.000000 
119.566927 313 81.469649 95.341853 0.000000 
119.281180 331 81.247734 95.438066 0.000000 
119.854078 320 81.287500 95.881250 0.000000 
119.977081 337 82.311573 96.228487 0.000000 
120.673112 336 81.758929 95.589286 0.000000 
120.387915 363 82.462810 95.132231 0.000000 
120.959704 366 82.016393 96.270492 0.000000 
121.083649 376 83.289894 95.042553 0.000000 
121.779514 393 84.338422 95.096692 0.000000 
121.494856 374 84.406417 94.155080 0.000000 
122.065556 379 83.662269 95.269129 0.000000 
122.190425 359 84.679666 94.874652 0.000000 
122.886126 384 85.817708 94.135417 0.000000 
122.601998 374 85.069519 94.125668 0.000000 
123.171628 401 87.351621 93.164589 0.000000 
123.297405 397 87.151134 93.002519 0.000000 
123.581957 383 87.712794 93.096606 0.000000 
123.297405 386 86.396373 93.569948 0.000000 
123.581957 382 86.303665 93.371728 0.000000 
123.709337 394 86.494924 92.756345 0.000000 
123.992943 388 86.347938 93.139175 0.000000 
123.709337 397 85.942065 93.609572 0.000000 
123.992943 365 84.704110 94.964384 0.000000 
124.121916 379 83.134565 94.865435 0.000000 
124.404582 367 83.880109 94.234332 0.000000 
124.121916 381 84.188976 93.178478 0.000000 
124.404582 360 82.347222 94.413889 0.000000 
124.535136 368 84.057065 93.904891 0.000000 
124.816866 378 83.867725 93.775132 0.000000 
124.535136 373 85.386059 93.579088 0.000000 
124.816866 372 87.255376 93.373656 0.000000 
124.535136 390 87.600000 92.946154 0.000000 
124.816866 387 87.514212 92.307494 0.000000 
124.535136 382 89.900524 92.162304 0.000000 
124.816866 369 89.222222 92.498645 0.000000 
124.535136 340 87.100000 93.573529 0.000000 
124.816866 333 88.009009 93.597598 0.000000 
124.535136 336 87.720238 93.476190 0.000000 
124.816866 351 89.452991 93.250712 0.000000 
124.535136 316 86.306962 94.670886 0.000000 
124.816866 324 86.265432 95.033951 0.000000 
124.535136 276 83.528986 95.688406 0.000000 
124.816866 284 84.556338 94.767606 0.000000 
124.535136 271 83.571956 94.819188 0.000000 
124.816866 261 84.819923 94.363985 0.000000 
124.535136 246 83.910569 95.166667 0.000000 
124.816866 244 82.438525 95.389344 0.000000 
124.535136 239 83.669456 94.903766 0.000000 
124.816866 228 81.197368 96.907895 0.000000 
124.535136 219 80.123288 97.666667 0.000000 
124.816866 231 80.549784 96.549784 0.000000 
124.535136 225 81.884444 97.008889 0.000000 
124.816866 231 81.519481 97.813853 0.000000 
124.535136 227 81.180617 97.127753 0.000000 
124.816866 235 79.493617 97.544681 0.000000 
124.535136 226 78.066372 97.836283 0.000000 
124.816866 237 78.772152 96.991561 0.000000 
124.535136 246 76.995935 97.211382 0.000000 
124.816866 223 74.775785 99.466368 0.000000 
124.535136 225 73.702222 99.124444 0.000000 
124.816866 233 72.742489 98.871245 0.000000 
124.535136 239 72.623431 98.652720 0.000000 
124.816866 239 72.803347 98.794979 0.000000 
124.535136 242 73.169421 98.417355 0.000000 
124.816866 235 73.365957 98.676596 0.000000 
124.535136 240 74.500000 98.754167 0.000000 
124.816866 234 73.435897 98.457265 0.000000 
124.535136 228 73.978070 98.723684 0.000000 
124.816866 224 74.169643 99.013393 0.000000 
124.535136 228 74.127193 98.605263 0.000000 
124.816866 230 73.869565 98.456522 0.000000 
124.535136 232 73.771552 98.896552 0.000000 
124.816866 247 73.234818 97.700405 0.000000 
124.535136 238 73.352941 98.798319 0.000000 
124.816866 265 73.709434 97.316981 0.000000 
124.535136 249 73.626506 98.510040 0.000000 
124.816866 276 75.242754 97.394928 0.000000 
124.535136 263 74.220532 98.395437 0.000000 
124.816866 281 76.053381 97.782918 0.000000 
124.535136 283 74.653710 97.710247 0.000000 
124.816866 273 74.065934 97.989011 0.000000 
124.535136 260 74.261538 98.180769 0.000000 
124.816866 274 74.748175 98.244526 0.000000 
124.535136 258 73.817829 98.767442 0.000000 
124.816866 287 74.383275 97.930314 0.000000 
124.535136 262 73.125954 98.927481 0.000000 
124.816866 261 73.716475 98.812261 0.000000 
124.535136 270 73.407407 98.918519 0.000000 
124.816866 270 73.922222 99.014815 0.000000 
124.535136 276 74.329710 98.963768 0.000000 
124.816866 281 73.882562 99.362989 0.000000 
124.535136 289 75.743945 98.719723 0.000000 
124.816866 276 74.902174 99.195652 0.000000 
124.535136 280 76.164286 99.278571 0.000000 
124.816866 280 75.000000 99.478571 0.000000 
124.535136 285 75.694737 99.171930 0.000000 
124.816866 294 75.734694 99.044218 0.000000 
124.535136 293 76.436860 98.901024 0.000000 
124.816866 307 76.570033 98.654723 0.000000 
124.535136 321 77.576324 98.442368 0.000000 
124.816866 313 74.923323 98.929712 0.000000 
124.535136 307 74.625407 99.045603 0.000000 
124.816866 322 74.403727 98.767081 0.000000 
124.535136 311 74.032154 99.244373 0.000000 
124.816866 314 73.971338 99.614650 0.000000 
124.535136 321 74.199377 99.514019 0.000000 
124.816866 315 73.914286 99.609524 0.000000 
124.535136 313 73.881789 99.539936 0.000000 
124.816866 322 73.972050 99.698758 0.000000 
124.535136 332 74.611446 99.563253 0.000000 
124.816866 332 72.903614 99.954819 0.000000 
124.535136 328 73.664634 100.143293 0.000000 
124.816866 322 73.031056 100.145963 0.000000 
124.535136 301 72.946844 100.571429 0.000000 
124.816866 307 73.609121 99.791531 0.000000 
124.535136 287 73.972125 100.317073 0.000000 
124.816866 289 74.809689 99.712803 0.000000 
124.535136 280 75.389286 99.707143 0.000000 
124.816866 282 74.921986 99.297872 0.000000 
124.535136 297 75.740741 99.501684 0.000000 
124.816866 283 75.038869 99.473498 0.000000 
124.535136 294 75.751701 99.163265 0.000000 
124.816866 298 75.855705 99.486577 0.000000 
124.535136 320 75.465625 99.412500 0.000000 
124.816866 323 76.340557 99.436533 0.000000 
124.535136 318 76.333333 99.550314 0.000000 
124.816866 332 76.207831 99.668675 0.000000 
124.535136 309 75.796117 99.508091 0.000000 
124.816866 320 75.200000 99.178125 0.000000 
124.535136 318 75.113208 99.389937 0.000000 
124.816866 324 74.722222 99.120370 0.000000 
124.535136 314 73.882166 99.076433 0.000000 
124.816866 324 73.145062 98.703704 0.000000 
124.535136 317 70.930599 99.123028 0.000000 
124.816866 326 71.834356 98.631902 0.000000 
124.535136 339 71.867257 98.551622 0.000000 
124.816866 332 71.072289 98.566265 0.000000 
124.535136 345 70.342029 98.866667 0.000000 
124.816866 344 70.613372 98.441860 0.000000 
124.535136 350 69.634286 98.974286 0.000000 
124.816866 344 70.127907 98.622093 0.000000 
124.535136 341 69.401760 98.788856 0.000000 
124.816866 329 70.844985 98.376900 0.000000 
124.535136 293 71.201365 99.037543 0.000000 
124.816866 290 70.713793 99.317241 0.000000 
124.535136 293 70.709898 99.399317 0.000000 
124.816866 311 70.488746 99.202572 0.000000 
124.535136 321 70.507788 99.470405 0.000000 
124.816866 311 69.987138 99.893891 0.000000 
124.535136 314 69.942675 100.191083 0.000000 
124.816866 334 70.661677 99.868263 0.000000 
124.535136 328 69.067073 100.198171 0.000000 
124.816866 339 69.616519 100.141593 0.000000 
124.535136 327 69.036697 100.033639 0.000000 
124.816866 336 70.886905 99.485119 0.000000 
124.535136 316 69.075949 100.408228 0.000000 
124.816866 311 68.916399 100.784566 0.000000 
124.535136 297 69.767677 100.595960 0.000000 
124.816866 300 69.403333 100.516667 0.000000 
124.535136 299 70.438127 100.438127 0.000000 
124.816866 324 68.435185 100.648148 0.000000 
124.535136 318 69.522013 100.792453 0.000000 
124.816866 318 71.034591 100.273585 0.000000 
124.535136 328 71.018293 99.914634 0.000000 
124.816866 333 72.426426 99.303303 0.000000 
124.535136 329 70.866261 99.224924 0.000000 
124.816866 321 70.775701 99.137072 0.000000 
124.535136 331 69.181269 99.725076 0.000000 
124.816866 319 69.946708 99.608150 0.000000 
124.535136 350 69.165714 99.654286 0.000000 
124.816866 327 70.027523 99.376147 0.000000 
124.535136 349 69.951289 99.237822 0.000000 
124.816866 340 69.505882 99.694118 0.000000 
124.535136 357 71.070028 99.148459 0.000000 
124.816866 366 70.210383 99.672131 0.000000 
124.535136 364 70.024725 99.728022 0.000000 
124.816866 357 71.000000 99.647059 0.000000 
124.535136 316 71.626582 99.658228 0.000000 
124.816866 330 73.039394 99.418182 0.000000 
124.535136 308 72.298701 99.642857 0.000000 
124.816866 298 72.010067 100.157718 0.000000 
124.535136 302 71.294702 100.341060 0.000000 
124.816866 304 71.904605 99.838816 0.000000 
124.535136 300 70.166667 100.586667 0.000000 
124.816866 298 70.889262 100.439597 0.000000 
124.535136 310 70.722581 100.651613 0.000000 
124.816866 323 70.934985 100.730650 0.000000 
124.535136 302 69.894040 100.986755 0.000000 
124.816866 327 69.596330 101.626911 0.000000 
124.535136 323 69.232198 101.287926 0.000000 
124.816866 341 69.697947 101.563050 0.000000 
124.535136 326 69.282209 101.546012 0.000000 
124.816866 348 68.126437 102.066092 0.000000 
124.535136 329 67.875380 101.872340 0.000000 
124.816866 320 66.740625 102.006250 0.000000 
124.535136 305 68.318033 101.416393 0.000000 
124.816866 306 67.401961 101.581699 0.000000 
124.535136 319 68.319749 101.435737 0.000000 
124.816866 299 67.752508 101.494983 0.000000 
124.535136 318 69.342767 100.556604 0.000000 
124.816866 301 67.106312 101.561462 0.000000 
124.535136 319 68.072100 101.037618 0.000000 
124.816866 313 66.220447 101.613419 0.000000 
124.535136 338 65.701183 101.733728 0.000000 
124.816866 329 65.765957 101.960486 0.000000 
124.535136 335 64.922388 102.101493 0.000000 
124.816866 335 64.179104 102.268657 0.000000 
124.535136 333 65.144144 102.345345 0.000000 
124.816866 326 64.840491 101.588957 0.000000 
124.535136 313 63.514377 101.587859 0.000000 
124.816866 320 62.975000 100.918750 0.000000 
124.535136 305 62.734426 101.481967 0.000000 
124.816866 325 61.221538 101.941538 0.000000 
124.535136 326 63.674847 102.116564 0.000000 
124.816866 311 63.209003 101.755627 0.000000 
124.535136 300 62.070000 101.803333 0.000000 
124.816866 299 62.525084 101.849498 0.000000 
124.535136 326 62.944785 101.573620 0.000000 
124.816866 304 63.039474 101.723684 0.000000 
124.535136 321 62.174455 101.922118 0.000000 
124.816866 338 61.923077 102.171598 0.000000 
124.535136 356 61.632022 102.092697 0.000000 
124.816866 343 62.043732 101.384840 0.000000 
124.535136 341 62.483871 102.181818 0.000000 
124.816866 329 64.306991 101.963526 0.000000 
124.535136 325 64.255385 101.873846 0.000000 
124.816866 315 64.850794 101.682540 0.000000 
124.535136 331 63.169184 102.060423 0.000000 
124.816866 334 63.416168 101.793413 0.000000 
124.535136 338 64.855030 101.233728 0.000000 
124.816866 335 64.877612 101.868657 0.000000 
124.535136 344 66.383721 101.389535 0.000000 
124.816866 317 66.580442 101.596215 0.000000 
124.535136 338 64.733728 101.896450 0.000000 
124.816866 322 65.947205 101.447205 0.000000 
124.535136 315 64.993651 101.492063 0.000000 
124.816866 320 64.831250 101.509375 0.000000 
124.535136 331 64.042296 101.444109 0.000000 
124.816866 336 63.321429 101.431548 0.000000 
124.535136 354 64.112994 101.375706 0.000000 
124.816866 352 62.122159 101.329545 0.000000 
124.535136 359 63.208914 101.490251 0.000000 
124.816866 355 62.335211 101.583099 0.000000 
124.535136 347 63.850144 101.270893 0.000000 
124.816866 361 61.188366 101.457064 0.000000 
124.535136 361 62.734072 101.434903 0.000000 
124.816866 349 61.616046 101.071633 0.000000 
124.535136 354 62.822034 100.570621 0.000000 
124.816866 353 60.963173 100.886686 0.000000 
124.535136 338 60.928994 100.713018 0.000000 
124.816866 335 63.629851 101.023881 0.000000 
124.535136 330 64.400000 100.645455 0.000000 
124.816866 338 64.440828 100.875740 0.000000 
124.535136 337 62.818991 100.940653 0.000000 
124.816866 332 63.948795 100.713855 0.000000 
124.535136 341 62.868035 100.639296 0.000000 
124.816866 342 63.748538 100.631579 0.000000 
124.535136 339 64.943953 100.380531 0.000000 
124.816866 338 62.289941 100.535503 0.000000 
124.816866 333 64.528529 100.231231 0.000000 
124.816866 319 64.263323 100.200627 0.000000 
124.535136 321 65.947040 100.654206 0.000000 
124.816866 325 65.778462 100.529231 0.000000 
124.535136 318 64.339623 100.748428 0.000000 
124.816866 316 63.901899 101.145570 0.000000 
124.535136 326 65.463190 101.340491 0.000000 
124.816866 316 67.148734 101.607595 0.000000 
124.535136 325 66.387692 102.713846 0.000000 
124.816866 310 65.241935 102.590323 0.000000 
124.535136 328 66.335366 103.054878 0.000000 
124.816866 316 66.468354 102.905063 0.000000 
124.535136 341 66.944282 102.627566 0.000000 
124.816866 321 66.728972 102.856698 0.000000 
124.535136 346 69.095376 102.817919 0.000000 
124.816866 303 69.303630 102.382838 0.000000 
124.535136 334 69.838323 102.458084 0.000000 
124.816866 312 68.586538 102.785256 0.000000 
124.535136 326 67.524540 102.950920 0.000000 
124.816866 335 70.274627 102.140299 0.000000 
124.535136 355 68.842254 102.284507 0.000000 
124.816866 339 70.672566 101.938053 0.000000 
124.535136 359 70.270195 102.128134 0.000000 
124.816866 351 70.250712 101.940171 0.000000 
124.535136 355 69.867606 102.436620 0.000000 
124.816866 370 69.981081 102.391892 0.000000 
124.535136 374 69.954545 102.852941 0.000000 
124.816866 347 69.135447 103.498559 0.000000 
124.535136 350 70.377143 103.568571 0.000000 
124.816866 332 70.734940 103.400602 0.000000 
124.535136 342 70.245614 103.625731 0.000000 
124.816866 341 70.964809 103.187683 0.000000 
124.535136 364 69.629121 104.620879 0.000000 
124.816866 335 71.788060 102.895522 0.000000 
124.535136 349 70.452722 103.885387 0.000000 
124.816866 322 72.329193 102.518634 0.000000 
124.535136 333 73.813814 102.276276 0.000000 
124.816866 340 74.479412 101.552941 0.000000 
124.535136 332 74.463855 101.990964 0.000000 
124.816866 334 75.140719 101.314371 0.000000 
124.535136 346 73.716763 102.835260 0.000000 
124.816866 342 75.722222 101.374269 0.000000 
124.535136 355 72.560563 103.146479 0.000000 
124.816866 352 74.156250 102.133523 0.000000 
124.535136 365 72.460274 102.827397 0.000000 
124.816866 357 72.927171 102.285714 0.000000 
124.535136 355 72.095775 103.174648 0.000000 
124.816866 373 73.029491 102.603217 0.000000 
124.535136 377 73.893899 101.856764 0.000000 
124.816866 384 74.528646 101.825521 0.000000 
124.535136 387 75.116279 101.586563 0.000000 
124.816866 379 74.530343 102.118734 0.000000 
124.535136 355 75.833803 100.876056 0.000000 
124.816866 353 75.985836 100.968839 0.000000 
124.535136 347 76.484150 100.149856 0.000000 
124.816866 349 76.713467 99.922636 0.000000 
124.535136 343 77.810496 99.125364 0.000000 
124.816866 343 78.075802 99.227405 0.000000 
124.535136 347 78.063401 99.634006 0.000000 
124.816866 360 80.461111 98.419444 0.000000 
124.535136 354 79.429379 98.488701 0.000000 
124.816866 360 80.733333 98.480556 0.000000 
124.535136 354 80.155367 98.296610 0.000000 
124.816866 346 79.947977 98.878613 0.000000 
124.535136 364 80.406593 98.815934 0.000000 
124.816866 360 80.850000 98.744444 0.000000 
124.535136 361 80.204986 99.451524 0.000000 
124.816866 379 82.472296 98.849604 0.000000 
124.535136 381 80.603675 100.241470 0.000000 
124.816866 396 84.409091 98.671717 0.000000 
124.535136 376 80.757979 99.404255 0.000000 
124.816866 377 81.538462 98.586207 0.000000 
124.535136 381 80.952756 100.052493 0.000000 
124.816866 389 83.190231 98.293059 0.000000 
124.535136 385 82.753247 98.166234 0.000000 
124.816866 389 84.079692 96.938303 0.000000 
124.535136 406 85.344828 97.189655 0.000000 
124.816866 394 83.385787 96.581218 0.000000 
124.535136 395 81.820253 97.612658 0.000000 
124.816866 397 82.269521 97.569270 0.000000 
124.535136 404 81.819307 97.448020 0.000000 
124.816866 409 82.621027 97.491443 0.000000 
124.535136 376 82.053191 97.707447 0.000000 
124.816866 408 82.916667 97.017157 0.000000 
124.535136 394 82.954315 97.637056 0.000000 
124.816866 409 84.278729 96.623472 0.000000 
124.535136 394 85.000000 97.563452 0.000000 
124.816866 373 83.900804 97.120643 0.000000 
124.535136 379 84.722955 97.572559 0.000000 
124.816866 371 83.803235 97.202156 0.000000 
124.535136 394 84.685279 97.487310 0.000000 
124.816866 413 85.021792 96.455206 0.000000 
124.535136 422 85.850711 96.969194 0.000000 
124.816866 435 84.983908 96.965517 0.000000 
124.535136 444 85.430180 97.452703 0.000000 
124.816866 437 85.846682 95.720824 0.000000 
124.535136 421 85.211401 96.351544 0.000000 
124.816866 444 86.047297 95.286036 0.000000 
124.535136 433 85.956120 95.688222 0.000000 
124.816866 436 85.470183 95.126147 0.000000 
124.535136 448 85.419643 95.133929 0.000000 
124.816866 463 86.583153 93.587473 0.000000 
124.535136 453 88.388521 93.523179 0.000000 
124.816866 452 87.993363 93.504425 0.000000 
124.535136 450 87.035556 93.537778 0.000000 
124.816866 476 87.365546 93.699580 0.000000 
124.535136 461 87.117137 93.952278 0.000000 
124.816866 477 87.733753 93.633124 0.000000 
124.535136 462 86.729437 94.441558 0.000000 
124.816866 480 87.529167 93.481250 0.000000 
124.535136 495 88.618182 93.652525 0.000000 
124.816866 475 86.856842 93.675789 0.000000 
124.535136 484 86.235537 93.700413 0.000000 
124.816866 482 88.251037 93.304979 0.000000 
124.535136 481 88.264033 92.627859 0.000000 
124.816866 479 89.175365 92.536534 0.000000 
124.535136 471 87.645435 92.581741 0.000000 
124.816866 477 89.264151 92.729560 0.000000 
124.535136 495 89.129293 93.751515 0.000000 
124.816866 448 88.828125 94.564732 0.000000 
124.535136 454 90.220264 94.414097 0.000000 
124.816866 437 89.086957 93.581236 0.000000 
124.535136 440 88.545455 93.740909 0.000000 
124.816866 448 88.388393 93.816964 0.000000 
124.535136 421 86.268409 94.078385 0.000000 
124.816866 433 86.150115 93.332564 0.000000 
124.535136 441 88.034014 94.206349 0.000000 
124.816866 464 88.316810 94.721983 0.000000 
124.535136 440 88.634091 93.288636 0.000000 
124.816866 439 88.000000 93.797267 0.000000 
124.535136 442 89.502262 93.459276 0.000000 
124.816866 449 89.797327 93.180401 0.000000 
124.535136 478 89.263598 92.964435 0.000000 
124.816866 454 87.621145 94.387665 0.000000 
124.535136 461 90.364425 95.364425 0.000000 
124.816866 461 87.405640 94.047722 0.000000 
124.535136 454 88.301762 94.676211 0.000000 
124.816866 467 88.109208 93.496788 0.000000 
124.535136 471 89.838641 93.573248 0.000000 
124.816866 478 88.763598 93.265690 0.000000 
124.535136 461 88.763557 93.095445 0.000000 
124.816866 462 86.619048 92.569264 0.000000 
124.535136 471 86.498938 92.414013 0.000000 
124.816866 471 87.734607 91.783439 0.000000 
124.535136 463 88.045356 92.244060 0.000000 
124.816866 480 88.818750 91.710417 0.000000 
124.535136 457 87.654267 92.065646 0.000000 
124.816866 470 87.978723 92.538298 0.000000 
124.535136 483 89.612836 91.776398 0.000000 
124.816866 499 90.472946 92.112224 0.000000 
124.535136 485 89.554639 91.080412 0.000000 
124.816866 512 91.480469 92.271484 0.000000 
124.535136 476 88.069328 91.394958 0.000000 
124.816866 491 88.452138 91.120163 0.000000 
124.535136 456 87.995614 91.967105 0.000000 
124.816866 454 88.213656 92.085903 0.000000 
124.535136 450 86.633333 91.853333 0.000000 
124.816866 456 87.692982 92.339912 0.000000 
124.535136 461 86.193059 91.416486 0.000000 
124.816866 461 87.366594 91.520607 0.000000 
124.535136 465 86.490323 91.535484 0.000000 
124.816866 461 89.117137 91.644252 0.000000 
124.535136 434 87.723502 92.170507 0.000000 
124.816866 465 89.101075 92.167742 0.000000 
124.535136 470 89.574468 91.925532 0.000000 
124.816866 510 91.405882 91.894118 0.000000 
124.535136 497 90.674044 91.100604 0.000000 
124.816866 519 90.302505 90.888247 0.000000 
124.535136 513 91.138402 89.966862 0.000000 
124.816866 512 91.042969 90.078125 0.000000 
124.535136 495 90.563636 90.088889 0.000000 
124.816866 495 89.496970 90.155556 0.000000 
124.535136 478 89.133891 90.866109 0.000000 
124.816866 462 87.722944 90.170996 0.000000 
124.535136 466 87.540773 89.961373 0.000000 
124.816866 474 87.006329 89.335443 0.000000 
124.535136 443 84.756208 88.428894 0.000000 
124.816866 433 85.457275 89.501155 0.000000 
124.535136 457 85.446389 87.124726 0.000000 
124.816866 434 85.868664 89.488479 0.000000 
124.535136 417 84.856115 89.887290 0.000000 
124.816866 424 85.349057 89.212264 0.000000 
124.535136 411 83.408759 88.182482 0.000000 
124.816866 401 82.897756 88.583541 0.000000 
124.535136 430 84.253488 88.225581 0.000000 
124.816866 419 83.479714 87.195704 0.000000 
124.535136 377 81.954907 89.140584 0.000000 
124.816866 362 81.292818 89.950276 0.000000 
124.535136 359 81.610028 89.428969 0.000000 
124.816866 350 81.414286 90.331429 0.000000 
124.535136 364 81.304945 88.557692 0.000000 
124.816866 356 81.817416 89.733146 0.000000 
124.535136 372 82.806452 89.086022 0.000000 
124.816866 393 83.371501 88.877863 0.000000 
124.535136 398 84.092965 88.321608 0.000000 
124.816866 429 84.496503 87.365967 0.000000 
124.535136 417 83.832134 88.028777 0.000000 
124.816866 423 85.283688 88.633570 0.000000 
124.535136 407 82.579853 88.420147 0.000000 
124.816866 407 83.375921 87.972973 0.000000 
124.535136 388 82.742268 89.448454 0.000000 
124.816866 408 82.612745 87.095588 0.000000 
124.535136 412 82.332524 87.567961 0.000000 
124.816866 413 83.246973 87.552058 0.000000 
124.535136 400 81.460000 88.125000 0.000000 
124.816866 422 82.535545 89.101896 0.000000 
124.535136 431 81.025522 87.640371 0.000000 
124.816866 454 82.546256 88.312775 0.000000 
124.535136 418 79.114833 86.272727 0.000000 
124.816866 414 79.671498 88.620773 0.000000 
124.535136 431 80.661253 88.317865 0.000000 
124.816866 455 79.973626 87.969231 0.000000 
124.535136 429 80.219114 87.664336 0.000000 
124.816866 415 78.828916 89.142169 0.000000 
124.535136 417 79.575540 88.309353 0.000000 
124.816866 411 78.503650 87.693431 0.000000 
124.535136 451 78.915743 86.760532 0.000000 
124.816866 442 78.726244 85.904977 0.000000 
124.535136 434 78.359447 85.935484 0.000000 
124.816866 447 77.635347 85.167785 0.000000 
124.535136 442 78.058824 84.117647 0.000000 
124.816866 436 77.864679 84.665138 0.000000 
124.535136 419 77.210024 86.799523 0.000000 
124.816866 420 76.738095 85.745238 0.000000 
124.535136 418 76.684211 85.447368 0.000000 
124.816866 413 77.164649 84.179177 0.000000 
124.535136 368 76.714674 87.383152 0.000000 
124.816866 353 76.750708 86.821530 0.000000 
124.535136 340 75.520588 88.567647 0.000000 
124.816866 338 75.591716 88.357988 0.000000 
124.535136 328 74.515244 88.710366 0.000000 
124.816866 335 74.364179 88.713433 0.000000 
124.535136 324 73.858025 89.611111 0.000000 
124.816866 308 73.701299 91.074675 0.000000 
124.535136 323 73.433437 90.185759 0.000000 
124.816866 306 73.728758 91.640523 0.000000 
124.535136 298 73.402685 92.691275 0.000000 
124.816866 306 73.496732 91.679739 0.000000 
124.535136 311 73.434084 90.922830 0.000000 
124.816866 303 73.980198 91.574257 0.000000 
124.535136 312 73.621795 91.285256 0.000000 
124.816866 328 73.585366 91.957317 0.000000 
124.535136 300 73.360000 92.763333 0.000000 
124.816866 319 73.514107 91.940439 0.000000 
124.535136 305 73.947541 92.472131 0.000000 
124.816866 283 73.010601 94.826855 0.000000 
124.535136 291 72.584192 94.807560 0.000000 
124.816866 283 72.113074 95.219081 0.000000 
124.535136 294 71.721088 95.102041 0.000000 
124.816866 288 71.927083 95.208333 0.000000 
124.535136 310 71.300000 94.332258 0.000000 
124.816866 307 71.570033 94.446254 0.000000 
124.535136 325 71.141538 93.876923 0.000000 
124.816866 318 71.075472 93.899371 0.000000 
124.535136 348 70.385057 92.341954 0.000000 
124.816866 317 71.586751 94.236593 0.000000 
124.535136 330 71.775758 93.842424 0.000000 
124.816866 323 71.439628 94.294118 0.000000 
124.535136 314 71.477707 94.242038 0.000000 
124.816866 307 71.817590 95.433225 0.000000 
124.535136 310 71.654839 94.800000 0.000000 
124.816866 320 71.703125 95.037500 0.000000 
124.535136 331 71.383686 94.039275 0.000000 
124.816866 326 71.825153 94.730061 0.000000 
124.535136 322 71.642857 94.642857 0.000000 
124.816866 325 71.489231 94.221538 0.000000 
124.535136 321 71.246106 94.436137 0.000000 
124.816866 315 71.180952 94.587302 0.000000 
124.535136 315 70.780952 94.098413 0.000000 
124.816866 341 70.756598 94.158358 0.000000 
124.535136 309 71.339806 94.611650 0.000000 
124.816866 325 70.932308 94.323077 0.000000 
124.535136 328 70.615854 93.192073 0.000000 
124.816866 325 70.695385 93.138462 0.000000 
124.535136 318 71.037736 94.157233 0.000000 
124.816866 340 70.788235 93.382353 0.000000 
124.535136 325 70.886154 93.864615 0.000000 
124.816866 334 71.485030 94.580838 0.000000 
124.535136 328 71.536585 95.161585 0.000000 
124.816866 352 71.761364 95.843750 0.000000 
124.535136 336 71.244048 94.532738 0.000000 
124.816866 322 71.708075 95.878882 0.000000 
124.535136 315 71.323810 95.346032 0.000000 
124.816866 316 72.161392 96.284810 0.000000 
124.535136 313 72.725240 96.801917 0.000000 
124.816866 316 72.936709 97.015823 0.000000 
124.535136 319 73.141066 96.639498 0.000000 
124.816866 319 72.821317 96.918495 0.000000 
124.535136 316 72.705696 96.332278 0.000000 
124.816866 320 72.571875 96.281250 0.000000 
124.535136 334 72.311377 95.601796 0.000000 
124.816866 323 72.637771 96.123839 0.000000 
124.535136 330 72.972727 96.124242 0.000000 
124.816866 332 72.828313 96.036145 0.000000 
124.535136 329 72.778116 95.735562 0.000000 
124.816866 334 72.850299 95.775449 0.000000 
124.535136 349 73.243553 95.538682 0.000000 
124.816866 344 73.017442 95.779070 0.000000 
124.535136 342 72.713450 95.383041 0.000000 
124.816866 355 72.797183 94.923944 0.000000 
124.535136 375 72.858667 94.616000 0.000000 
124.816866 371 72.803235 94.530997 0.000000 
124.535136 369 73.021680 95.325203 0.000000 
124.816866 366 72.841530 94.945355 0.000000 
124.535136 398 72.683417 94.512563 0.000000 
124.816866 377 73.143236 95.148541 0.000000 
124.535136 369 72.336043 93.663957 0.000000 
124.816866 356 72.547753 94.303371 0.000000 
124.535136 352 72.207386 94.102273 0.000000 
124.816866 353 72.436261 94.968839 0.000000 
124.535136 342 73.020468 96.134503 0.000000 
124.816866 345 73.231884 96.669565 0.000000 
124.535136 359 73.573816 97.236769 0.000000 
124.816866 353 73.847025 97.127479 0.000000 
124.535136 352 73.781250 97.119318 0.000000 
124.816866 344 73.973837 97.299419 0.000000 
124.535136 339 73.799410 96.843658 0.000000 
124.816866 340 73.726471 96.414706 0.000000 
124.535136 336 73.732143 97.101190 0.000000 
124.816866 335 73.698507 97.298507 0.000000 
124.535136 338 73.565089 97.124260 0.000000 
124.816866 350 73.811429 97.331429 0.000000 
124.535136 355 73.738028 96.785915 0.000000 
124.816866 349 73.458453 96.971347 0.000000 
124.535136 345 73.420290 96.968116 0.000000 
124.816866 370 73.402703 96.762162 0.000000 
124.535136 358 73.561453 96.505587 0.000000 
124.816866 372 73.822581 96.916667 0.000000 
124.535136 369 73.523035 95.769648 0.000000 
124.816866 358 74.117318 97.332402 0.000000 
124.535136 360 74.419444 96.919444 0.000000 
124.816866 364 74.200549 96.851648 0.000000 
124.535136 380 74.602632 96.778947 0.000000 
124.816866 376 74.039894 96.300532 0.000000 
124.535136 366 74.068306 95.991803 0.000000 
124.816866 357 74.266106 97.033613 0.000000 
124.535136 356 74.334270 97.289326 0.000000 
124.816866 371 74.716981 97.619946 0.000000 
124.535136 372 74.892473 97.502688 0.000000 
124.816866 363 74.752066 97.655647 0.000000 
124.535136 381 74.937008 97.800525 0.000000 
124.816866 371 74.657682 97.070081 0.000000 
124.535136 378 74.984127 97.878307 0.000000 
124.816866 375 75.245333 98.269333 0.000000 
124.535136 382 75.594241 98.531414 0.000000 
124.816866 370 75.829730 98.278378 0.000000 
124.535136 379 75.266491 98.094987 0.000000 
124.816866 371 74.385445 97.590296 0.000000 
124.535136 356 73.567416 97.747191 0.000000 
124.816866 366 73.926230 97.360656 0.000000 
124.535136 374 73.898396 97.342246 0.000000 
124.816866 365 73.742466 96.350685 0.000000 
124.535136 370 73.797297 97.524324 0.000000 
124.816866 359 73.830084 97.729805 0.000000 
124.535136 355 73.780282 97.926761 0.000000 
124.816866 358 73.656425 96.918994 0.000000 
124.535136 367 74.455041 97.907357 0.000000 
124.816866 371 74.043127 96.334232 0.000000 
124.535136 378 74.375661 96.968254 0.000000 
124.816866 396 74.684343 96.250000 0.000000 
124.535136 396 75.280303 98.446970 0.000000 
124.816866 388 74.494845 98.270619 0.000000 
124.535136 362 73.892265 98.522099 0.000000 
124.816866 380 74.105263 98.734211 0.000000 
124.535136 341 73.436950 98.413490 0.000000 
124.816866 327 73.201835 98.749235 0.000000 
124.535136 335 73.119403 97.755224 0.000000 
124.816866 325 73.052308 98.393846 0.000000 
124.535136 330 73.145455 99.536364 0.000000 
124.816866 315 72.603175 99.031746 0.000000 
124.535136 322 72.394410 98.906832 0.000000 
124.816866 305 72.550820 99.193443 0.000000 
124.535136 303 72.306931 99.399340 0.000000 
124.816866 302 72.678808 100.301325 0.000000 
124.535136 307 72.706840 100.166124 0.000000 
124.816866 314 72.687898 99.487261 0.000000 
124.535136 313 72.642173 99.351438 0.000000 
124.816866 322 72.605590 98.909938 0.000000 
124.535136 307 71.798046 98.136808 0.000000 
124.816866 332 72.262048 97.801205 0.000000 
124.535136 327 72.779817 97.865443 0.000000 
124.816866 339 72.781711 97.103245 0.000000 
124.535136 340 72.350000 96.541176 0.000000 
124.816866 330 71.900000 95.354545 0.000000 
124.535136 321 72.831776 97.794393 0.000000 
124.816866 316 71.822785 95.696203 0.000000 
124.535136 308 71.240260 96.090909 0.000000 
124.816866 316 71.101266 94.449367 0.000000 
124.535136 310 71.216129 95.425806 0.000000 
124.816866 332 71.756024 94.801205 0.000000 
124.535136 327 71.550459 95.409786 0.000000 
124.816866 347 71.717579 94.487032 0.000000 
124.535136 343 71.256560 94.478134 0.000000 
124.816866 360 71.172222 93.266667 0.000000 
124.535136 352 71.409091 93.258523 0.000000 
124.816866 378 71.679894 92.843915 0.000000 
124.535136 357 71.837535 94.011204 0.000000 
124.816866 353 71.592068 93.926346 0.000000 
124.535136 369 72.227642 93.840108 0.000000 
124.816866 346 71.945087 94.930636 0.000000 
124.535136 348 72.706897 96.321839 0.000000 
124.816866 354 72.618644 95.774011 0.000000 
124.535136 357 73.100840 96.831933 0.000000 
124.816866 355 72.092958 96.918310 0.000000 
124.535136 348 71.428161 96.221264 0.000000 
124.816866 354 71.745763 95.790960 0.000000 
124.535136 350 71.997143 95.160000 0.000000 
124.816866 331 71.090634 95.456193 0.000000 
124.535136 329 71.437690 95.562310 0.000000 
124.816866 315 71.822222 95.901587 0.000000 
124.535136 310 71.793548 95.925806 0.000000 
124.816866 321 71.507788 94.489097 0.000000 
124.535136 307 71.892508 96.537459 0.000000 
124.816866 312 71.605769 96.012821 0.000000 
124.535136 330 72.275758 95.857576 0.000000 
124.816866 338 71.479290 95.183432 0.000000 
124.535136 335 72.167164 95.677612 0.000000 
124.816866 343 71.367347 94.180758 0.000000 
124.535136 341 72.076246 96.155425 0.000000 
124.816866 337 70.937685 94.228487 0.000000 
124.535136 343 70.437318 93.743440 0.000000 
124.816866 332 70.346386 94.831325 0.000000 
124.535136 345 69.886957 93.942029 0.000000 
124.816866 336 69.752976 94.092262 0.000000 
124.535136 341 70.255132 95.102639 0.000000 
124.816866 361 70.346260 94.058172 0.000000 
124.535136 350 70.625714 95.142857 0.000000 
124.816866 354 70.268362 94.824859 0.000000 
124.535136 355 70.292958 95.118310 0.000000 
124.816866 336 70.116071 95.258929 0.000000 
124.535136 362 70.798343 95.220994 0.000000 
124.816866 356 70.657303 95.008427 0.000000 
124.535136 368 71.489130 95.100543 0.000000 
124.816866 355 70.002817 93.600000 0.000000 
124.535136 355 69.960563 93.222535 0.000000 
124.816866 357 69.994398 93.689076 0.000000 
124.535136 354 70.093220 93.909605 0.000000 
124.816866 375 70.570667 93.365333 0.000000 
124.535136 367 70.683924 94.378747 0.000000 
124.816866 408 71.352941 93.034314 0.000000 
124.535136 374 69.462567 92.684492 0.000000 
124.816866 375 69.181333 91.538667 0.000000 
124.816866 357 69.190476 92.658263 0.000000 
124.816866 368 68.725543 93.372283 0.000000 
124.816866 341 69.249267 94.008798 0.000000 
124.816866 345 68.628986 93.272464 0.000000 
125.099960 353 69.039660 91.827195 0.000000 
125.099960 354 69.084746 92.175141 0.000000 
125.099960 376 70.375000 92.851064 0.000000 
125.099960 348 68.902299 93.278736 0.000000 
125.384409 350 69.217143 93.577143 0.000000 
125.384409 372 68.905914 93.193548 0.000000 
125.384409 381 68.677165 92.627297 0.000000 
125.384409 392 68.354592 91.614796 0.000000 
125.670203 394 69.208122 92.299492 0.000000 
125.670203 380 68.205263 92.118421 0.000000 
125.670203 376 67.382979 91.090426 0.000000 
125.670203 374 68.101604 93.243316 0.000000 
125.957334 377 67.193634 91.660477 0.000000 
125.957334 359 67.272981 93.300836 0.000000 
125.957334 368 67.489130 94.108696 0.000000 
125.957334 362 67.530387 93.475138 0.000000 
126.245792 366 67.122951 93.557377 0.000000 
126.245792 351 66.826211 92.943020 0.000000 
126.245792 352 66.951705 92.991477 0.000000 
126.245792 351 67.136752 92.051282 0.000000 
126.535568 355 66.554930 91.780282 0.000000 
126.535568 341 66.577713 92.293255 0.000000 
126.535568 359 66.272981 91.543175 0.000000 
126.535568 339 66.825959 92.460177 0.000000 
126.826653 356 66.676966 91.935393 0.000000 
126.826653 367 66.566757 91.667575 0.000000 
126.826653 362 66.613260 91.701657 0.000000 
126.826653 373 66.579088 90.723861 0.000000 
127.119039 376 66.414894 91.433511 0.000000 
127.119039 372 66.290323 90.241935 0.000000 
127.119039 370 66.400000 90.159459 0.000000 
127.119039 387 66.387597 89.010336 0.000000 
127.119039 371 66.654987 90.312668 0.000000 
127.119039 368 66.089674 90.519022 0.000000 
127.119039 365 67.068493 92.454795 0.000000 
127.119039 367 66.686649 90.632153 0.000000 
127.119039 359 67.183844 91.966574 0.000000 
127.119039 371 67.145553 92.070081 0.000000 
127.119039 369 67.701897 92.422764 0.000000 
127.119039 367 67.013624 91.948229 0.000000 
127.119039 363 67.545455 92.523416 0.000000 
127.119039 375 67.346667 92.597333 0.000000 
127.119039 377 67.119363 92.098143 0.000000 
127.119039 389 66.930591 91.748072 0.000000 
127.119039 402 67.373134 91.639303 0.000000 
127.119039 395 66.858228 91.668354 0.000000 
127.119039 407 67.294840 92.729730 0.000000 
127.119039 414 66.456522 91.922705 0.000000 
127.119039 398 66.643216 93.120603 0.000000 
127.119039 389 67.365039 93.251928 0.000000 
127.119039 370 66.605405 93.281081 0.000000 
127.119039 369 67.008130 93.135501 0.000000 
127.119039 376 67.154255 92.587766 0.000000 
127.119039 376 67.630319 92.960106 0.000000 
127.119039 380 67.565789 92.452632 0.000000 
127.119039 400 67.347500 91.582500 0.000000 
127.119039 394 66.624365 91.631980 0.000000 
127.119039 396 66.532828 90.782828 0.000000 
127.119039 408 66.443627 89.845588 0.000000 
127.119039 380 66.978947 91.305263 0.000000 
127.119039 408 67.164216 90.990196 0.000000 
127.119039 405 66.819753 90.686420 0.000000 
127.119039 403 66.707196 90.590571 0.000000 
127.119039 387 67.005168 90.997416 0.000000 
127.119039 386 66.712435 90.870466 0.000000 
127.119039 399 67.418546 90.809524 0.000000 
127.119039 378 66.941799 90.703704 0.000000 
127.119039 386 67.246114 90.497409 0.000000 
127.119039 362 66.961326 91.107735 0.000000 
127.119039 360 66.816667 90.969444 0.000000 
127.119039 372 66.545699 90.427419 0.000000 
127.119039 385 66.236364 89.937662 0.000000 
127.119039 382 66.248691 90.209424 0.000000 
127.119039 402 65.691542 89.343284 0.000000 
127.119039 403 66.550868 90.151365 0.000000 
127.119039 387 66.343669 90.038760 0.000000 
127.119039 404 66.205446 90.012376 0.000000 
127.119039 405 66.032099 89.353086 0.000000 
127.119039 420 66.645238 90.357143 0.000000 
127.119039 411 67.058394 90.600973 0.000000 
127.119039 430 67.246512 90.700000 0.000000 
127.119039 429 66.976690 90.337995 0.000000 
127.119039 445 67.334831 91.015730 0.000000 
127.119039 422 67.779621 92.246445 0.000000 
127.119039 416 68.733173 92.937500 0.000000 
127.119039 414 68.557971 92.159420 0.000000 
127.119039 407 68.855037 92.766585 0.000000 
127.119039 414 68.550725 92.833333 0.000000 
127.119039 408 69.708333 94.029412 0.000000 
127.119039 381 68.805774 93.503937 0.000000 
127.119039 385 69.877922 95.555844 0.000000 
127.119039 366 69.188525 95.734973 0.000000 
127.119039 416 68.956731 95.798077 0.000000 
127.119039 378 69.066138 95.222222 0.000000 
127.119039 425 68.995294 94.482353 0.000000 
127.119039 391 68.424552 94.808184 0.000000 
127.119039 423 68.312057 94.099291 0.000000 
127.119039 418 68.057416 94.954545 0.000000 
127.119039 433 68.404157 94.711316 0.000000 
127.119039 424 67.252358 94.712264 0.000000 
127.119039 420 67.209524 95.128571 0.000000 
127.119039 409 66.503667 94.899756 0.000000 
127.119039 390 67.874359 96.200000 0.000000 
127.119039 386 67.878238 95.909326 0.000000 
127.119039 382 67.678010 96.657068 0.000000 
127.119039 374 67.778075 96.745989 0.000000 
127.119039 384 67.440104 96.447917 0.000000 
127.119039 391 68.460358 97.365729 0.000000 
127.119039 368 67.885870 96.883152 0.000000 
127.119039 378 67.764550 97.108466 0.000000 
127.119039 385 67.587013 97.038961 0.000000 
127.119039 391 67.434783 97.263427 0.000000 
127.119039 378 67.587302 96.642857 0.000000 
127.119039 386 66.880829 95.875648 0.000000 
127.119039 376 66.699468 95.696809 0.000000 
127.119039 374 67.574866 96.219251 0.000000 
127.119039 377 67.729443 96.527851 0.000000 
127.119039 387 67.640827 96.015504 0.000000 
127.119039 393 67.595420 96.427481 0.000000 
127.119039 407 67.031941 96.316953 0.000000 
127.119039 401 67.438903 96.807980 0.000000 
127.119039 413 67.525424 96.878935 0.000000 
127.119039 434 67.076037 96.389401 0.000000 
127.119039 416 66.978365 96.093750 0.000000 
127.119039 434 67.274194 96.555300 0.000000 
127.119039 437 66.146453 95.075515 0.000000 
127.119039 424 66.004717 94.992925 0.000000 
127.119039 426 65.603286 93.934272 0.000000 
127.119039 428 65.273364 94.296729 0.000000 
127.119039 416 64.593750 93.129808 0.000000 
127.119039 402 64.733831 93.552239 0.000000 
127.119039 433 63.568129 92.034642 0.000000 
127.119039 425 64.505882 93.065882 0.000000 
127.119039 454 63.281938 91.240088 0.000000 
127.119039 440 64.511364 92.352273 0.000000 
127.119039 426 64.556338 92.352113 0.000000 
127.119039 406 65.394089 94.024631 0.000000 
127.119039 388 64.654639 93.376289 0.000000 
127.119039 395 65.169620 93.815190 0.000000 
127.119039 393 64.256997 93.513995 0.000000 
127.119039 403 64.471464 93.392060 0.000000 
127.119039 404 63.962871 93.217822 0.000000 
127.119039 416 63.317308 92.430288 0.000000 
127.119039 409 63.625917 92.907090 0.000000 
127.119039 401 63.730673 93.556110 0.000000 
127.119039 437 63.251716 92.917620 0.000000 
127.119039 412 63.917476 93.728155 0.000000 
127.119039 404 64.039604 93.636139 0.000000 
127.119039 384 63.447917 93.291667 0.000000 
127.119039 396 63.126263 93.065657 0.000000 
127.119039 416 62.872596 92.622596 0.000000 
127.119039 419 62.673031 92.522673 0.000000 
127.119039 419 62.871122 92.801909 0.000000 
127.119039 442 61.927602 92.024887 0.000000 
127.119039 423 63.621749 92.643026 0.000000 
127.119039 441 62.603175 91.850340 0.000000 
127.119039 453 62.885210 92.070640 0.000000 
127.119039 457 63.588621 91.571116 0.000000 
127.119039 463 63.110151 91.628510 0.000000 
127.119039 468 64.098291 90.331197 0.000000 
127.119039 437 64.592677 91.636156 0.000000 
127.119039 453 65.101545 90.913907 0.000000 
127.119039 448 64.703125 91.160714 0.000000 
127.119039 436 64.424312 90.857798 0.000000 
127.119039 446 64.786996 91.544843 0.000000 
127.119039 436 64.685780 91.431193 0.000000 
127.119039 479 64.912317 91.427975 0.000000 
127.119039 440 65.275000 91.343182 0.000000 
127.119039 488 64.924180 91.065574 0.000000 
127.119039 437 65.993135 91.510297 0.000000 
127.119039 476 66.596639 90.021008 0.000000 
127.119039 448 66.881696 91.589286 0.000000 
127.119039 478 67.336820 90.696653 0.000000 
127.119039 447 67.429530 91.187919 0.000000 
127.119039 431 67.113689 90.767981 0.000000 
127.119039 432 67.106481 91.150463 0.000000 
127.119039 433 66.387991 90.819861 0.000000 
127.119039 443 66.437923 90.469526 0.000000 
127.119039 453 66.004415 90.686534 0.000000 
127.119039 442 66.158371 90.518100 0.000000 
127.119039 422 66.793839 91.689573 0.000000 
127.119039 418 66.660287 91.605263 0.000000 
127.119039 400 66.820000 92.417500 0.000000 
127.119039 398 67.087940 92.469849 0.000000 
127.119039 395 67.027848 92.443038 0.000000 
127.119039 405 67.402469 92.138272 0.000000 
127.119039 399 66.684211 91.832080 0.000000 
127.119039 400 68.392500 91.595000 0.000000 
127.119039 385 67.475325 91.794805 0.000000 
127.119039 385 68.711688 91.722078 0.000000 
127.119039 387 67.937984 90.989664 0.000000 
127.119039 394 68.789340 90.368020 0.000000 
127.119039 379 67.854881 91.395778 0.000000 
127.119039 383 67.830287 91.441253 0.000000 
127.119039 382 67.117801 91.075916 0.000000 
127.119039 385 67.579221 91.555844 0.000000 
127.119039 384 66.606771 90.934896 0.000000 
127.119039 388 67.213918 91.247423 0.000000 
127.119039 390 67.002564 90.997436 0.000000 
127.119039 399 66.576441 91.330827 0.000000 
127.119039 390 68.105128 92.082051 0.000000 
127.119039 404 66.581683 91.311881 0.000000 
127.119039 389 67.598972 91.393316 0.000000 
127.119039 395 66.840506 90.967089 0.000000 
127.119039 392 66.487245 91.206633 0.000000 
127.119039 398 65.964824 90.643216 0.000000 
127.119039 366 66.792350 90.407104 0.000000 
127.119039 348 66.663793 92.192529 0.000000 
127.119039 355 66.611268 91.861972 0.000000 
127.119039 354 67.110169 91.816384 0.000000 
127.119039 371 67.013477 91.889488 0.000000 
127.119039 364 67.975275 91.901099 0.000000 
127.119039 375 67.853333 91.376000 0.000000 
127.119039 362 68.190608 92.035912 0.000000 
127.119039 380 69.378947 91.018421 0.000000 
127.119039 365 68.643836 91.465753 0.000000 
127.119039 375 69.021333 90.992000 0.000000 
127.119039 358 67.843575 91.706704 0.000000 
127.119039 378 68.420635 90.597884 0.000000 
127.119039 372 66.532258 90.327957 0.000000 
127.119039 359 67.300836 91.838440 0.000000 
127.119039 368 66.586957 91.105978 0.000000 
127.119039 364 65.329670 91.019231 0.000000 
127.119039 375 65.152000 89.173333 0.000000 
127.119039 378 65.629630 89.648148 0.000000 
127.119039 361 65.476454 90.401662 0.000000 
127.119039 366 65.352459 90.278689 0.000000 
127.119039 380 65.226316 88.855263 0.000000 
127.119039 363 66.685950 90.347107 0.000000 
127.119039 360 65.933333 91.011111 0.000000 
127.119039 365 66.131507 89.767123 0.000000 
127.119039 380 65.100000 88.921053 0.000000 
127.119039 358 66.279330 90.086592 0.000000 
127.119039 374 67.144385 89.165775 0.000000 
127.119039 340 67.167647 91.888235 0.000000 
127.119039 349 67.432665 90.914040 0.000000 
127.119039 338 66.647929 92.334320 0.000000 
127.119039 352 66.906250 90.678977 0.000000 
127.119039 349 66.971347 92.209169 0.000000 
127.119039 343 67.501458 92.122449 0.000000 
127.119039 355 67.157746 91.861972 0.000000 
127.119039 350 66.557143 91.780000 0.000000 
127.119039 366 65.789617 90.653005 0.000000 
127.119039 368 65.861413 90.081522 0.000000 
127.119039 382 64.298429 90.130890 0.000000 
127.119039 370 65.275676 89.954054 0.000000 
127.119039 382 64.780105 89.217277 0.000000 
127.119039 384 64.924479 89.229167 0.000000 
127.119039 391 63.122762 89.345269 0.000000 
127.119039 379 64.403694 89.554090 0.000000 
127.119039 363 64.380165 90.881543 0.000000 
127.119039 358 64.698324 90.726257 0.000000 
127.119039 365 65.575342 90.065753 0.000000 
127.119039 359 64.994429 90.434540 0.000000 
127.119039 350 66.422857 91.120000 0.000000 
127.119039 347 65.939481 90.821326 0.000000 
127.119039 339 66.197640 91.887906 0.000000 
127.119039 358 66.284916 91.016760 0.000000 
127.119039 358 65.237430 91.058659 0.000000 
127.119039 375 65.405333 90.034667 0.000000 
127.119039 369 65.075881 90.658537 0.000000 
127.119039 375 65.805333 90.754667 0.000000 
127.119039 383 64.704961 90.402089 0.000000 
127.119039 398 66.643216 89.170854 0.000000 
127.119039 404 65.930693 88.814356 0.000000 
127.119039 410 67.017073 88.697561 0.000000 
127.119039 425 65.522353 87.656471 0.000000 
127.119039 406 65.975369 87.591133 0.000000 
127.119039 426 65.319249 86.744131 0.000000 
127.119039 424 65.476415 87.891509 0.000000 
127.119039 428 64.911215 87.516355 0.000000 
127.119039 420 67.019048 85.869048 0.000000 
127.119039 399 66.844612 86.691729 0.000000 
127.119039 411 67.464720 86.090024 0.000000 
127.119039 402 67.825871 86.656716 0.000000 
127.119039 423 67.624113 85.423168 0.000000 
127.119039 385 68.277922 88.441558 0.000000 
127.119039 410 69.502439 87.224390 0.000000 
127.119039 394 68.119289 87.005076 0.000000 
127.119039 416 67.314904 85.024038 0.000000 
127.119039 400 67.705000 85.777500 0.000000 
127.119039 400 68.152500 86.027500 0.000000 
127.119039 401 68.004988 85.583541 0.000000 
127.119039 409 69.102689 85.662592 0.000000 
127.119039 405 68.871605 85.767901 0.000000 
127.119039 411 68.678832 85.301703 0.000000 
127.119039 414 68.243961 84.400966 0.000000 
127.119039 436 68.589450 83.018349 0.000000 
127.119039 438 68.753425 83.180365 0.000000 
127.119039 439 68.726651 81.993166 0.000000 
127.119039 430 68.611628 82.937209 0.000000 
127.119039 462 69.246753 80.956710 0.000000 
127.119039 445 68.831461 81.876404 0.000000 
127.119039 461 68.390456 80.774403 0.000000 
127.119039 475 69.237895 80.400000 0.000000 
127.119039 477 69.262055 80.203354 0.000000 
127.119039 510 69.717647 79.615686 0.000000 
127.119039 494 69.601215 78.257085 0.000000 
127.119039 488 69.198770 79.461066 0.000000 
127.119039 517 70.319149 77.208897 0.000000 
127.119039 511 69.819961 79.029354 0.000000 
127.119039 476 70.302521 81.054622 0.000000 
127.119039 463 70.008639 80.812095 0.000000 
127.119039 504 70.634921 79.482143 0.000000 
127.119039 478 70.196653 80.623431 0.000000 
127.119039 501 70.746507 80.191617 0.000000 
127.119039 493 70.634888 78.929006 0.000000 
127.119039 484 70.028926 80.082645 0.000000 
127.119039 459 70.165577 81.884532 0.000000 
127.119039 445 69.889888 82.069663 0.000000 
127.119039 419 69.322196 83.346062 0.000000 
127.119039 444 69.952703 81.324324 0.000000 
127.119039 410 69.000000 82.995122 0.000000 
127.119039 405 69.086420 82.402469 0.000000 
127.119039 412 68.381068 81.247573 0.000000 
127.119039 417 68.328537 80.460432 0.000000 
127.119039 432 68.196759 78.877315 0.000000 
127.119039 439 68.765376 79.690205 0.000000 
127.119039 439 68.095672 79.430524 0.000000 
127.119039 453 68.346578 79.207506 0.000000 
127.119039 479 67.862213 77.179541 0.000000 
127.119039 454 68.821586 79.462555 0.000000 
127.119039 481 69.128898 76.814969 0.000000 
127.119039 474 69.297468 77.295359 0.000000 
127.119039 503 70.522863 76.534791 0.000000 
127.119039 472 69.237288 77.463983 0.000000 
127.119039 486 69.936214 77.893004 0.000000 
127.119039 487 70.041068 76.858316 0.000000 
127.119039 491 69.621181 77.156823 0.000000 
127.119039 497 69.726358 76.390342 0.000000 
127.119039 483 69.010352 78.275362 0.000000 
127.119039 499 68.841683 77.178357 0.000000 
127.119039 484 69.092975 77.940083 0.000000 
127.119039 498 69.576305 77.002008 0.000000 
127.119039 474 69.478903 79.533755 0.000000 
127.119039 485 69.428866 77.940206 0.000000 
127.119039 470 69.051064 77.704255 0.000000 
127.119039 493 69.137931 76.432049 0.000000 
127.119039 506 69.415020 75.075099 0.000000 
127.119039 515 70.141748 74.963107 0.000000 
127.119039 513 70.185185 74.996101 0.000000 
127.119039 547 71.025594 73.586837 0.000000 
127.119039 534 71.001873 74.460674 0.000000 
127.119039 519 70.552987 76.165703 0.000000 
127.119039 511 70.988258 75.909980 0.000000 
127.119039 515 71.314563 76.339806 0.000000 
127.119039 528 70.867424 74.700758 0.000000 
127.119039 501 70.365269 77.646707 0.000000 
127.119039 494 69.599190 77.024291 0.000000 
127.119039 493 69.501014 78.531440 0.000000 
127.119039 481 69.532225 78.126819 0.000000 
127.119039 503 69.172962 77.495030 0.000000 
127.119039 492 69.302846 77.451220 0.000000 
127.119039 513 69.307992 77.329435 0.000000 
127.119039 457 69.778993 80.059081 0.000000 
127.119039 494 70.121457 78.360324 0.000000 
127.119039 443 69.744921 81.291196 0.000000 
127.119039 448 69.401786 81.801339 0.000000 
127.119039 451 69.436807 81.057650 0.000000 
127.119039 446 69.553812 81.242152 0.000000 
127.119039 436 70.105505 82.357798 0.000000 
127.119039 437 69.082380 81.798627 0.000000 
127.119039 417 68.290168 83.016787 0.000000 
127.119039 417 67.815348 83.376499 0.000000 
127.119039 408 68.681373 83.541667 0.000000 
127.119039 411 68.523114 83.956204 0.000000 
127.119039 403 68.873449 85.424318 0.000000 
127.119039 394 69.388325 85.779188 0.000000 
127.119039 405 70.716049 86.012346 0.000000 
127.119039 382 69.348168 86.400524 0.000000 
127.119039 402 69.512438 84.848259 0.000000 
127.119039 378 68.605820 86.079365 0.000000 
127.119039 396 67.866162 84.487374 0.000000 
127.119039 392 68.397959 84.701531 0.000000 
127.119039 407 67.953317 83.805897 0.000000 
127.119039 390 68.238462 84.669231 0.000000 
127.119039 414 67.140097 83.222222 0.000000 
127.119039 397 67.977330 84.463476 0.000000 
127.119039 420 68.197619 83.283333 0.000000 
127.119039 426 68.683099 82.338028 0.000000 
127.119039 443 69.038375 81.306998 0.000000 
127.119039 431 70.445476 82.689095 0.000000 
127.119039 431 70.907193 83.828306 0.000000 
127.119039 412 70.131068 83.519417 0.000000 
127.119039 429 70.410256 82.757576 0.000000 
127.119039 416 70.331731 83.992788 0.000000 
127.119039 432 70.363426 82.858796 0.000000 
127.119039 421 70.209026 84.106888 0.000000 
127.119039 431 70.315545 83.150812 0.000000 
127.119039 427 70.608899 83.552693 0.000000 
127.119039 440 71.497727 82.029545 0.000000 
127.119039 429 71.214452 83.622378 0.000000 
127.119039 419 71.484487 84.109785 0.000000 
127.119039 419 71.453461 83.878282 0.000000 
127.119039 425 71.832941 83.242353 0.000000 
127.119039 425 71.343529 83.920000 0.000000 
127.119039 413 71.677966 84.324455 0.000000 
127.119039 422 71.741706 83.824645 0.000000 
127.119039 418 71.988038 83.758373 0.000000 
127.119039 424 72.028302 83.525943 0.000000 
127.119039 418 72.318182 83.425837 0.000000 
127.119039 427 72.674473 82.295082 0.000000 
127.119039 409 72.312958 84.168704 0.000000 
127.119039 418 72.688995 82.832536 0.000000 
127.119039 410 72.124390 84.004878 0.000000 
127.119039 431 72.417633 82.227378 0.000000 
127.119039 421 72.166271 83.437055 0.000000 
127.119039 422 71.969194 83.417062 0.000000 
127.119039 416 72.038462 83.742788 0.000000 
127.119039 425 72.287059 82.647059 0.000000 
127.119039 422 72.125592 83.514218 0.000000 
127.119039 415 71.703614 85.040964 0.000000 
127.119039 428 71.567757 84.350467 0.000000 
127.119039 427 71.533958 84.725995 0.000000 
127.119039 421 71.494062 84.826603 0.000000 
127.119039 432 71.395833 84.293981 0.000000 
127.119039 441 71.222222 83.698413 0.000000 
127.119039 437 71.315789 83.910755 0.000000 
127.119039 449 71.320713 83.031180 0.000000 
127.119039 433 71.524249 83.789838 0.000000 
127.119039 420 71.511905 84.711905 0.000000 
127.119039 410 71.273171 85.892683 0.000000 
127.119039 407 71.528256 85.766585 0.000000 
127.119039 404 71.452970 86.133663 0.000000 
127.119039 413 71.481840 85.656174 0.000000 
127.119039 410 71.202439 86.229268 0.000000 
127.119039 415 72.031325 84.597590 0.000000 
127.119039 404 71.188119 86.702970 0.000000 
127.119039 401 71.825436 85.965087 0.000000 
127.119039 393 71.839695 86.671756 0.000000 
127.119039 392 71.563776 87.278061 0.000000 
127.119039 407 71.476658 86.567568 0.000000 
127.119039 386 71.396373 88.183938 0.000000 
127.119039 377 71.000000 89.291777 0.000000 
127.119039 373 70.825737 89.734584 0.000000 
127.119039 383 70.167102 89.997389 0.000000 
127.119039 376 70.332447 90.300532 0.000000 
127.119039 398 69.650754 90.108040 0.000000 
127.119039 383 69.877285 90.704961 0.000000 
127.119039 408 69.154412 90.502451 0.000000 
127.119039 379 69.746702 91.182058 0.000000 
127.119039 388 69.520619 90.873711 0.000000 
127.119039 384 69.497396 91.096354 0.000000 
127.119039 393 69.384224 90.944020 0.000000 
127.119039 389 69.251928 91.077121 0.000000 
127.119039 386 69.603627 90.963731 0.000000 
127.119039 379 69.704485 91.150396 0.000000 
127.119039 380 69.573684 91.178947 0.000000 
127.119039 376 69.651596 91.260638 0.000000 
127.119039 369 69.758808 91.439024 0.000000 
127.119039 365 69.843836 91.430137 0.000000 
127.119039 368 69.654891 91.312500 0.000000 
127.119039 377 69.090186 91.084881 0.000000 
127.119039 379 68.968338 91.071240 0.000000 
127.119039 379 68.875989 91.105541 0.000000 
127.119039 384 68.903646 90.679688 0.000000 
127.119039 368 69.407609 91.317935 0.000000 
127.119039 390 68.679487 90.435897 0.000000 
127.119039 382 68.945026 90.840314 0.000000 
127.119039 396 68.340909 90.686869 0.000000 
127.119039 369 69.265583 91.065041 0.000000 
127.119039 374 69.066845 90.764706 0.000000 
127.119039 380 68.673684 90.518421 0.000000 
127.119039 374 68.917112 90.711230 0.000000 
127.119039 376 68.893617 90.460106 0.000000 
127.119039 379 68.496042 90.635884 0.000000 
127.119039 369 69.135501 90.750678 0.000000 
127.119039 367 69.174387 90.700272 0.000000 
127.119039 379 68.786280 90.292876 0.000000 
127.119039 372 69.182796 90.529570 0.000000 
127.119039 381 68.753281 90.301837 0.000000 
127.119039 378 68.976190 90.346561 0.000000 
127.119039 378 68.806878 90.277778 0.000000 
127.119039 375 68.952000 90.381333 0.000000 
127.119039 378 68.650794 90.521164 0.000000 
127.119039 366 69.021858 91.000000 0.000000 
127.119039 358 69.837989 91.192737 0.000000 
127.119039 357 69.806723 91.386555 0.000000 
127.119039 355 69.757746 91.707042 0.000000 
127.119039 361 69.573407 91.277008 0.000000 
127.119039 363 69.305785 91.606061 0.000000 
127.119039 360 69.477778 91.488889 0.000000 
127.119039 372 68.935484 91.497312 0.000000 
127.119039 355 69.783099 91.523944 0.000000 
127.119039 357 69.834734 91.280112 0.000000 
127.119039 348 70.146552 91.646552 0.000000 
127.119039 363 69.636364 91.264463 0.000000 
127.119039 362 69.618785 91.403315 0.000000 
127.119039 369 69.195122 91.230352 0.000000 
127.119039 374 69.331551 91.465241 0.000000 
127.119039 361 69.736842 91.739612 0.000000 
127.119039 381 68.929134 91.650919 0.000000 
127.119039 367 69.670300 91.722071 0.000000 
127.119039 392 68.489796 91.352041 0.000000 
127.119039 380 69.534211 91.365789 0.000000 
127.119039 379 69.443272 91.609499 0.000000 
127.119039 376 69.667553 91.409574 0.000000 
127.119039 383 69.261097 91.099217 0.000000 
127.119039 383 69.817232 91.300261 0.000000 
127.119039 371 70.145553 91.444744 0.000000 
127.119039 376 69.819149 91.609043 0.000000 
127.119039 386 69.437824 91.712435 0.000000 
127.119039 389 69.580977 91.262211 0.000000 
127.119039 391 69.115090 91.659847 0.000000 
127.119039 388 69.110825 92.015464 0.000000 
127.119039 403 68.387097 91.444169 0.000000 
127.119039 385 68.992208 91.748052 0.000000 
127.119039 419 67.415274 91.145585 0.000000 
127.119039 397 68.717884 91.382872 0.000000 
127.119039 414 67.826087 90.966184 0.000000 
127.119039 412 68.427184 91.184466 0.000000 
127.119039 433 67.558891 91.096998 0.000000 
127.119039 427 68.208431 90.838407 0.000000 
127.119039 430 67.846512 90.848837 0.000000 
127.119039 410 69.041463 90.960976 0.000000 
127.119039 413 69.174334 90.961259 0.000000 
127.119039 420 69.045238 90.735714 0.000000 
127.119039 415 69.645783 90.460241 0.000000 
127.119039 427 69.206089 90.964871 0.000000 
127.119039 431 69.341067 91.023202 0.000000 
127.119039 446 69.139013 91.246637 0.000000 
127.119039 440 69.552273 91.052273 0.000000 
127.119039 443 69.322799 90.796840 0.000000 
127.119039 434 69.580645 91.048387 0.000000 
127.119039 449 69.126949 90.790646 0.000000 
127.119039 466 68.849785 90.615880 0.000000 
127.119039 442 69.169683 90.597285 0.000000 
127.119039 465 68.922581 90.163441 0.000000 
127.119039 479 68.653445 90.304802 0.000000 
127.119039 467 68.785867 90.252677 0.000000 
127.119039 495 68.458586 90.012121 0.000000 
127.119039 476 68.605042 90.306723 0.000000 
127.119039 492 68.282520 90.434959 0.000000 
127.119039 476 68.136555 89.993697 0.000000 
127.119039 499 68.008016 90.138277 0.000000 
127.119039 475 68.189474 89.698947 0.000000 
127.119039 454 68.444934 89.447137 0.000000 
127.119039 460 68.463043 89.084783 0.000000 
127.119039 456 68.747807 90.197368 0.000000 
127.119039 419 69.596659 90.042959 0.000000 
127.119039 430 69.311628 89.472093 0.000000 
127.119039 421 69.052257 89.422803 0.000000 
127.119039 430 69.704651 89.488372 0.000000 
127.119039 413 70.130751 89.898305 0.000000 
127.119039 446 69.636771 89.421525 0.000000 
127.119039 428 69.518692 89.352804 0.000000 
127.119039 428 70.067757 89.264019 0.000000 
127.119039 422 69.876777 89.530806 0.000000 
127.119039 429 69.701632 89.643357 0.000000 
127.119039 429 69.536131 89.652681 0.000000 
127.119039 455 69.351648 89.153846 0.000000 
127.119039 454 69.022026 89.616740 0.000000 
127.119039 441 69.369615 89.879819 0.000000 
127.412715 467 68.944325 89.359743 0.000000 
127.412715 462 69.337662 89.305195 0.000000 
127.412715 496 68.250000 88.681452 0.000000 
127.412715 457 69.424508 89.229759 0.000000 
127.707674 479 69.118998 89.179541 0.000000 
127.707674 455 69.221978 89.584615 0.000000 
127.707674 463 68.863931 89.349892 0.000000 
127.707674 457 69.100656 89.371991 0.000000 
128.003906 456 69.381579 89.493421 0.000000 
128.003906 442 68.773756 89.694570 0.000000 
128.003906 461 68.086768 89.357918 0.000000 
128.003906 452 68.090708 89.670354 0.000000 
128.301403 450 68.122222 89.668889 0.000000 
128.301403 464 67.237069 89.532328 0.000000 
128.301403 434 67.956221 90.361751 0.000000 
128.301403 451 66.665188 90.008869 0.000000 
128.600156 435 67.514943 90.301149 0.000000 
128.600156 455 66.696703 90.742857 0.000000 
128.600156 437 67.242563 90.963387 0.000000 
128.600156 472 66.048729 90.637712 0.000000 
128.900155 449 66.721604 91.269488 0.000000 
128.900155 451 66.922395 90.620843 0.000000 
128.900155 449 67.035635 91.000000 0.000000 
128.900155 460 66.821739 90.997826 0.000000 
129.201393 450 66.826667 90.642222 0.000000 
129.201393 445 66.813483 90.689888 0.000000 
129.201393 459 65.995643 90.061002 0.000000 
129.201393 442 66.855204 90.667421 0.000000 
129.503861 455 66.272527 90.235165 0.000000 
129.503861 428 67.228972 91.429907 0.000000 
129.503861 443 66.264108 91.108352 0.000000 
129.503861 418 67.043062 91.669856 0.000000 
129.807550 422 67.116114 91.308057 0.000000 
129.807550 415 67.392771 91.265060 0.000000 
129.807550 441 66.188209 90.435374 0.000000 
129.807550 430 66.904651 91.267442 0.000000 
130.112451 434 67.264977 91.078341 0.000000 
130.112451 419 67.513126 91.238663 0.000000 
130.112451 433 67.877598 91.577367 0.000000 
130.112451 425 67.960000 91.752941 0.000000 
130.418557 442 68.185520 91.133484 0.000000 
130.418557 429 67.848485 91.557110 0.000000 
130.418557 428 67.665888 90.848131 0.000000 
130.418557 454 66.964758 90.614537 0.000000 
130.725858 461 66.852495 90.453362 0.000000 
130.725858 437 67.320366 90.990847 0.000000 
130.725858 441 66.922902 90.653061 0.000000 
130.725858 445 67.080899 90.728090 0.000000 
131.034347 453 67.057395 90.580574 0.000000 
131.034347 440 66.868182 90.540909 0.000000 
131.034347 431 67.656613 90.893271 0.000000 
131.034347 439 67.883827 90.630979 0.000000 
131.344014 443 67.521445 90.259594 0.000000 
131.344014 433 67.803695 89.884527 0.000000 
131.344014 428 67.471963 89.796729 0.000000 
131.344014 427 66.948478 89.079625 0.000000 
131.654852 427 66.728337 88.819672 0.000000 
131.654852 425 67.270588 89.320000 0.000000 
131.654852 450 67.268889 88.951111 0.000000 
131.654852 428 66.294393 89.037383 0.000000 
131.966852 425 67.444706 89.941176 0.000000 
131.966852 442 67.524887 90.235294 0.000000 
131.966852 435 67.167816 89.878161 0.000000 
131.966852 427 67.384075 89.772834 0.000000 
132.280006 434 67.057604 90.071429 0.000000 
132.280006 441 66.619048 89.412698 0.000000 
132.280006 434 67.506912 89.947005 0.000000 
132.280006 427 66.995316 90.072600 0.000000 
132.594306 422 67.722749 90.485782 0.000000 
132.594306 422 67.765403 90.784360 0.000000 
132.594306 416 67.911058 90.586538 0.000000 
132.594306 416 68.007212 90.170673 0.000000 
132.909744 414 68.251208 90.565217 0.000000 
132.909744 437 67.897025 89.894737 0.000000 
132.909744 420 68.511905 90.519048 0.000000 
132.909744 440 68.488636 90.413636 0.000000 
133.226311 426 68.180751 90.495305 0.000000 
133.226311 423 68.255319 90.825059 0.000000 
133.226311 421 68.256532 90.786223 0.000000 
133.226311 441 67.671202 90.251701 0.000000 
133.544000 428 67.834112 90.971963 0.000000 
133.544000 427 67.723653 91.320843 0.000000 
133.544000 432 66.902778 90.550926 0.000000 
133.544000 428 67.126168 90.906542 0.000000 
133.862803 431 67.296984 90.844548 0.000000 
133.862803 424 66.877358 90.617925 0.000000 
133.862803 450 66.484444 90.406667 0.000000 
133.862803 454 67.002203 90.808370 0.000000 
134.182711 446 66.946188 90.603139 0.000000 
134.182711 471 66.524416 90.004246 0.000000 
134.182711 466 66.828326 90.225322 0.000000 
134.182711 461 66.535792 89.867679 0.000000 
134.503717 481 66.143451 89.627859 0.000000 
134.503717 487 66.390144 89.626283 0.000000 
134.503717 496 66.193548 88.901210 0.000000 
134.503717 499 66.549098 88.751503 0.000000 
134.825814 495 66.066667 88.567677 0.000000 
134.825814 486 67.236626 89.380658 0.000000 
134.825814 477 67.306080 89.157233 0.000000 
134.825814 480 66.479167 88.779167 0.000000 
135.148992 454 67.495595 89.050661 0.000000 
135.148992 450 67.640000 88.760000 0.000000 
135.148992 456 67.697368 88.118421 0.000000 
135.148992 460 67.110870 87.604348 0.000000 
135.473245 468 68.032051 88.181624 0.000000 
135.473245 437 67.844394 88.647597 0.000000 
135.473245 438 68.497717 88.847032 0.000000 
135.473245 442 68.771493 88.502262 0.000000 
135.798564 448 69.258929 88.881696 0.000000 
135.798564 465 69.004301 88.180645 0.000000 
135.798564 458 69.423581 89.021834 0.000000 
135.798564 444 69.430180 90.135135 0.000000 
136.124943 462 69.686147 89.084416 0.000000 
136.124943 431 69.654292 89.944316 0.000000 
136.124943 446 69.715247 89.260090 0.000000 
136.124943 429 69.811189 89.960373 0.000000 
136.452373 456 69.879386 89.331140 0.000000 
136.452373 428 69.978972 90.450935 0.000000 
136.452373 451 69.900222 89.432373 0.000000 
136.452373 418 69.921053 90.490431 0.000000 
136.780847 410 69.743902 90.956098 0.000000 
136.780847 407 69.963145 90.909091 0.000000 
136.780847 407 69.830467 91.488943 0.000000 
136.780847 392 70.007653 91.650510 0.000000 
137.110357 386 69.984456 91.683938 0.000000 
137.110357 388 70.046392 91.765464 0.000000 
137.110357 377 70.506631 91.819629 0.000000 
137.110357 383 70.357702 91.569191 0.000000 
137.440896 380 70.247368 91.642105 0.000000 
137.440896 383 69.887728 91.684073 0.000000 
137.440896 386 69.932642 91.391192 0.000000 
137.440896 384 69.966146 91.408854 0.000000 
137.772457 386 69.691710 91.414508 0.000000 
137.772457 388 69.811856 90.922680 0.000000 
137.772457 389 69.632391 91.334190 0.000000 
137.772457 391 69.685422 91.117647 0.000000 
138.105032 417 69.760192 90.059952 0.000000 
138.105032 387 69.653747 91.136951 0.000000 
