38.468401
38.422909
38.379117
38.318490
38.242573
38.150386
38.042500
37.919507
37.782088
37.631006
37.467083
37.291183
37.104194
36.907021
36.700567
36.485728
36.263383
36.034385
35.799558
35.559690
35.315529
35.067782
34.817112
34.564137
34.309433
34.053529
33.796913
33.540030
33.283285
33.027046
32.771643
32.517374
32.264503
32.013267
31.763872
31.516502
31.271314
31.028448
30.788020
30.550130
30.314863
30.082287
29.852458
29.625420
29.401205
29.179837
28.961331
28.745692
28.532922
28.323015
28.115959
27.911737
27.710331
27.511716
27.315865
27.122749
26.932336
26.744592
26.559482
26.376969
26.197016
26.019583
25.844631
25.672121
25.502011
25.334263
25.168834
25.005685
24.844775
24.686064
24.529513
24.375081
24.222730
24.072420
23.924114
23.777775
23.633364
23.490845
23.350183
23.211342
23.074288
22.938985
22.805401
22.673503
22.543259
22.414637
22.287607
22.162137
22.038199
21.915763
21.794801
21.675285
21.557188
21.440483
21.325145
21.211147
21.098466
20.987076
20.876954
20.768077
20.660421
20.553965
20.448687
20.344566
20.241581
20.139711
20.038937
19.939240
19.840600
19.742998
19.646418
19.550841
19.456250
19.362627
19.269957
19.178223
19.087409
18.997500
18.908481
18.820337
18.733054
18.646616
18.561012
18.476226
18.392246
18.309058
18.226651
18.145012
18.064128
17.983988
17.904579
17.825892
17.747914
17.670634
17.594043
17.518129
17.442882
17.368292
17.294350
17.221046
17.148370
17.076313
17.004866
16.934020
16.863767
16.794099
16.725005
16.656480
16.588514
16.521099
16.454229
16.387895
16.322091
16.256808
16.192040
16.127779
16.064020
16.000755
15.937977
15.875681
15.813859
15.752506
15.691616
15.631182
15.571199
15.511660
15.452561
15.393896
15.335659
15.277845
15.220448
15.163464
15.106887
15.050713
14.994936
14.939552
14.884556
14.829944
14.775710
14.721850
14.668361
14.615237
14.562475
14.510070
14.458018
14.406315
14.354957
14.303940
14.253261
14.202916
14.152900
14.103211
14.053845
14.004798
13.956066
13.907647
13.859537
13.811733
13.764231
13.717028
13.670122
13.623509
13.577186
13.531149
13.485397
13.439927
13.394734
13.349817
13.305173
13.260800
13.216693
13.172851
13.129272
13.085952
13.042890
13.000082
12.957526
12.915221
12.873162
12.831349
12.789779
12.748450
12.707359
12.666504
12.625883
12.585494
12.545335
12.505404
12.465698
12.426216
12.386956
12.347916
12.309094
12.270488
12.232096
12.193916
12.155947
12.118187
12.080634
12.043285
12.006141
11.969198
11.932456
11.895912
11.859565
11.823413
11.787455
11.751690
11.716115
11.680729
11.645531
11.610519
11.575692
11.541049
11.506587
11.472306
11.438204
11.404280
11.370533
11.336961
11.303562
11.270336
11.237282
11.204397
11.171682
11.139134
11.106752
11.074535
11.042483
11.010593
10.978866
10.947298
10.915890
10.884641
10.853549
10.822613
10.791832
10.761205
10.730731
10.700409
10.670237
10.640216
10.610344
10.580619
10.551042
10.521610
10.492324
10.463181
10.434182
10.405324
10.376608
10.348033
10.319596
10.291298
10.263138
10.235115
10.207227
10.179474
10.151856
10.124371
10.097018
10.069796
10.042706
10.015745
9.988913
9.962210
9.935634
9.909185
9.882861
9.856662
9.830588
9.804637
9.778808
9.753101
9.727516
9.702050
9.676704
9.651476
9.626366
9.601374
9.576497
9.551736
9.527090
9.502557
9.478138
9.453830
9.429635
9.405550
9.381574
9.357708
9.333950
9.310300
9.286756
9.263317
9.239984
9.216755
9.193629
9.170605
9.147683
9.124861
9.102139
9.079516
9.056990
9.034561
9.012229
8.989991
8.967847
8.945797
8.923838
8.901970
8.880192
8.858502
8.836900
8.815385
8.793955
8.772609
8.751345
8.730164
8.709062
8.688040
8.667095
8.646226
8.625432
8.604710
8.584061
8.563481
8.542970
8.522525
8.502144
8.481827
8.461570
8.441372
8.421231
8.401144
8.381110
8.361125
8.341188
8.321295
8.301444
8.281633
8.261858
8.242116
8.222403
8.202717
8.183054
8.163409
8.143779
8.124160
8.104546
8.084934
8.065319
8.045694
8.026054
8.006394
7.986707
7.966987
7.947225
7.927415
7.907548
7.887616
7.867609
7.847517
7.827329
7.807034
7.786620
7.766073
7.745379
7.724522
7.703485
7.682250
7.660797
7.639104
7.617148
7.594903
7.572340
7.549429
7.526135
7.502421
7.478244
7.453559
7.428313
7.402450
7.375905
7.348605
7.320468
7.291403
7.261304
7.230050
7.197503
7.163503
7.127866
7.090376
7.050776
7.008767
6.963989
6.916007
6.864296
6.808207
6.746939
6.679479
6.604538
6.520451
6.425028
6.315357
6.187523
6.036303
5.855132
5.638180
5.395429
5.266376
6.819216
11.474507
17.960023
23.376356
16.817981
8.971226
11.757368
9.798676
10.174199
10.073837
10.128621
10.171313
10.232683
10.299781
10.371052
10.444489
10.519042
10.594033
10.669053
10.743861
10.818327
10.892396
10.966063
11.039361
11.112345
11.185087
11.257676
11.330209
11.402792
11.475540
11.548575
11.622025
11.696028
11.770731
11.846289
11.922871
12.000657
12.079845
12.160649
12.243305
12.328076
12.415254
12.505167
12.598186
12.694734
12.795297
12.900441
13.010824
13.127226
13.250574
13.381991
13.522844
13.674830
13.840080
14.021323
14.222127
14.447261
14.703295
14.999579
15.350010
15.776371
16.315317
17.034871
18.080985
19.851773
24.021907
26.982297
15.042672
11.150518
8.539584
4.233651
18.204613
40.175486
30.007767
33.751179
32.918877
32.811076
32.760676
32.709890
32.666577
32.627521
32.591540
32.557842
32.525897
32.495336
32.465899
32.437393
32.409676
32.382635
32.356187
32.330264
32.304810
32.279782
32.255144
32.230865
32.206920
32.183287
32.159949
32.136890
32.114095
32.091554
32.069255
32.047189
32.025348
32.003724
31.982311
31.961104
31.940095
31.919281
31.898656
31.878216
31.857959
31.837878
31.817972
31.798238
31.778671
31.759269
31.740030
31.720951
31.702029
31.683263
31.664649
31.646186
31.627872
31.609705
31.591683
31.573803
31.556065
31.538467
31.521006
31.503682
31.486493
31.469437
31.452512
31.435718
31.419053
31.402515
31.386104
31.369817
31.353654
31.337614
31.321695
31.305896
31.290216
31.274653
31.259208
31.243877
31.228662
31.213560
31.198571
31.183694
31.168927
31.154270
31.139722
31.125283
31.110951
31.096725
31.082606
31.068591
31.054682
31.040876
31.027174
31.013575
31.000078
30.986683
30.973390
30.960199
30.947109
30.934121
30.921233
30.908447
30.895763
30.883181
30.870702
30.858326
30.846055
30.833889
30.821831
30.809882
30.798044
30.786321
30.774716
30.763233
30.751877
30.740654
30.729574
30.718644
30.707876
30.697287
30.686894
30.676722
30.666802
30.657175
30.647895
30.639039
30.630712
30.623064
30.616320
30.610824
30.607128
30.606156
30.609510
30.619937
30.641104
30.671165
30.688144
30.670084
30.642762
30.619460
30.598573
30.580564
30.564630
30.550118
30.536623
30.523884
30.511723
30.500017
30.488678
30.477641
30.466859
30.456295
30.445921
30.435713
30.425655
30.415731
30.405930
30.396243
30.386660
30.377175
30.367783
30.358478
30.349256
30.340112
30.331045
30.322050
30.313125
30.304268
30.295477
30.286750
30.278085
30.269481
30.260935
30.252448
30.244017
30.235642
30.227321
30.219054
30.210839
30.202676
30.194563
30.186501
30.178488
30.170524
30.162607
30.154738
30.146916
30.139140
30.131409
30.123723
30.116082
30.108485
30.100931
30.093421
30.085952
30.078526
30.071142
30.063799
30.056497
30.049235
30.042013
30.034831
30.027688
30.020584
30.013519
30.006492
29.999502
29.992550
29.985636
29.978758
29.971916
29.965111
