0.00000000000000000
0.06653619480007007
0.26638481957518390
0.59954592842507170
1.06601952134961750
1.66580559834886640
2.39890415942285750
3.26531520457184900
4.26503873379567460
5.39807474709430850
6.66442324446773100
8.06408422591608900
9.59705769143918100
11.26334364103609300
13.06294207470743800
14.99585299245323900
17.06207639427343300
19.26161228016866000
21.59446065013831300
23.02490058264726600
25.13870278719612700
27.38879740261046400
29.80412934538028000
31.71260013580299000
34.10182660584355600
36.27718794898393000
38.68776151825580500
40.92071249636418000
42.72201931778776000
44.95024315921508400
45.57263930802416500
46.80073939223416000
47.93391818001677000
48.91971563887229000
50.57697199471228000
51.45105750749378600
52.46716698496726400
52.64718118439713400
52.91266903107871400
52.71064970211144000
51.70534651681182000
50.43899628841903000
49.23087553668345600
47.29568158009903600
46.28551960370921000
45.25651847638748000
43.33142305996267000
40.91814194862895000
36.60421552951858400
32.94468045167596000
27.09438774169172000
21.18673105634446300
15.43635036056055500
9.90499022042132900
0.99261629591941750
0.32065565088912396
0.20554229247363270
0.14555103072841433
0.11951357798461226
0.09701226487095502
0.07371663786441879
0.07106458031586936
0.06304307644674849
0.05780863572719108
0.04045013262273393
0.03594123974617140
0.03533385872869044
0.03219109348887386
0.03040446125834585
0.03821691605298142
0.03740694598186570
0.03038765158556957
0.03417805179406864
0.02575679700813957
0.01419584558803831
0.00975616628863322
0.00495641047726613
0.00364408627184901
0.00297503033747799
0.00301144788805481
0.00417952826516681
0.00554966281882004
0.00461168030557173
0.00286897006651821
0.00282393283371490
0.00080588758374515
0.00016400555820578
0.00020320931327029
0.00041281090481901
0.00023204569927959
0.00026416901313494
0.00038598356286371
0.00018448946722365
0.00019452170831175
0.00031070027265552
0.00013127621443754
0.00026341470033552
0.00013945104008296
0.00008741503624091
0.00008535631984487
0.00010726259503191
0.00015203740376788
0.00023535495821936
0.00000751955968652
0.00000009736998887
0.00000007532738061
0.00000005722776760
0.00000005505379501
0.00000006708979457
0.00000005855344682
0.00000006102191636
0.00000006411739581
0.00000006667267791
0.00000006546800692
0.00000005915479227
0.00000005706847049
0.00000006081544408
0.00000006248049178
0.00000005155728539
0.00000005994161651
0.00000005618239805
0.00000005761913005
0.00000005313874023
0.00000005174024195
0.00000005522138050
0.00000005407293041
0.00000005717604347
0.00000005634943582
0.00000004987392546
0.00000006442508178
0.00000006669214292
0.00000005641674104
0.00000005900104289
0.00000005665856654
0.00000006069529285
0.00000006845762026
0.00000004734917878
0.00000005320043645
0.00000005942710357
0.00000004914382072
0.00000006621975511
0.00000005638978782
0.00000006516163756
0.00000006805305374
0.00000005526720868
0.00000005493793645
0.00000005000334561
0.00000005553656299
0.00000005844774128
0.00000005881934679
0.00000005781978656
0.00000005710410292
0.00000005152917958
0.00000005819435845
0.00000006161682265
0.00000006377580411
0.00000005275917474
0.00000005302736447
0.00000006670142404
0.00000005805999315
0.00000006017414165
0.00000006140413832
0.00000005586322134
0.00000005649600293
0.00000005705265488
0.00000004998995544
0.00000004911699548
0.00000005473998457
0.00000006055753223
0.00000004620099759
0.00000006388211634
0.00000006077367892
0.00000005508904546
0.00000006038141952
0.00000005662733372
0.00000006326185215
0.00000005257854882
0.00000005885833443
0.00000005198175195
0.00000006499043610
0.00000005872485332
