21.095023 95 1023.494737 1009.873684 0.000000 
22.472205 91 1025.032967 1009.659341 0.000000 
21.470911 95 1024.189474 1009.852632 0.000000 
21.914607 96 1024.822917 1010.145833 0.000000 
22.388613 103 1024.349515 1009.854369 0.000000 
23.323808 104 1024.307692 1009.692308 0.000000 
22.360680 108 1024.851852 1009.888889 0.000000 
23.259407 111 1023.180180 1010.144144 0.000000 
23.706539 112 1023.455357 1009.892857 0.000000 
25.059928 126 1021.436508 1009.753968 0.000000 
24.166092 122 1022.237705 1009.885246 0.000000 
25.079872 135 1020.874074 1010.103704 0.000000 
25.495098 146 1020.349315 1009.897260 0.000000 
26.832816 167 1018.077844 1009.808383 0.000000 
26.000000 145 1021.703448 1009.917241 0.000000 
26.925824 148 1020.324324 1010.108108 0.000000 
27.313001 155 1019.909677 1009.922581 0.000000 
28.635642 177 1017.898305 1009.824859 0.000000 
27.856777 179 1017.877095 1009.921788 0.000000 
28.792360 172 1018.959302 1010.081395 0.000000 
29.154759 179 1019.139665 1009.916201 0.000000 
30.463092 204 1017.009804 1009.843137 0.000000 
29.732137 212 1017.367925 1009.943396 0.000000 
31.016125 225 1015.711111 1010.071111 0.000000 
31.016125 206 1017.344660 1009.941748 0.000000 
32.310989 236 1015.521186 1009.868644 0.000000 
31.953091 230 1016.030435 1009.939130 0.000000 
32.893768 265 1014.445283 1010.052830 0.000000 
33.241540 238 1016.575630 1009.936975 0.000000 
33.708308 252 1015.849206 1009.873016 0.000000 
33.837849 264 1015.950758 1009.954545 0.000000 
34.311077 264 1015.299242 1010.060606 0.000000 
34.785054 245 1015.844898 1009.951020 0.000000 
35.584407 239 1016.635983 1009.870293 0.000000 
34.960692 233 1017.141631 1009.939914 0.000000 
35.440090 210 1019.276190 1010.066667 0.000000 
35.259750 189 1021.740741 1009.920635 0.000000 
36.055513 182 1022.521978 1009.824176 0.000000 
34.960692 180 1024.472222 1009.933333 0.000000 
35.920050 170 1024.823529 1010.094118 0.000000 
36.211186 191 1022.801047 1009.937173 0.000000 
37.000000 155 1028.870968 1009.800000 0.000000 
34.481879 149 1031.899329 1009.906040 0.000000 
35.440090 148 1032.202703 1010.094595 0.000000 
35.259750 166 1031.566265 1009.909639 0.000000 
36.055513 148 1032.520270 1009.783784 0.000000 
35.920050 138 1035.949275 1009.913043 0.000000 
36.400549 134 1035.156716 1010.119403 0.000000 
36.687873 133 1036.293233 1009.909774 0.000000 
37.473324 143 1035.321678 1009.783217 0.000000 
36.400549 145 1035.344828 1009.903448 0.000000 
36.881567 139 1037.266187 1010.100719 0.000000 
36.687873 142 1038.591549 1009.894366 0.000000 
37.473324 137 1039.678832 1009.766423 0.000000 
28.792360 139 1041.223022 1009.913669 0.000000 
29.261750 142 1039.570423 1010.112676 0.000000 
29.618406 145 1039.896552 1009.917241 0.000000 
30.463092 150 1039.180000 1009.793333 0.000000 
30.083218 152 1039.157895 1009.907895 0.000000 
30.549141 155 1039.490323 1010.090323 0.000000 
31.016125 166 1038.638554 1009.909639 0.000000 
31.847292 157 1040.089172 1009.796178 0.000000 
31.953091 185 1037.286486 1009.935135 0.000000 
32.097508 151 1041.264901 1010.105960 0.000000 
31.484123 150 1042.653333 1009.920000 0.000000 
32.310989 150 1042.640000 1009.793333 0.000000 
31.622777 152 1042.328947 1009.907895 0.000000 
31.622777 151 1042.880795 1010.092715 0.000000 
31.953091 144 1045.944444 1009.895833 0.000000 
33.241540 148 1045.324324 1009.783784 0.000000 
32.572995 152 1046.072368 1009.921053 0.000000 
33.049206 135 1048.400000 1010.118519 0.000000 
32.893768 140 1048.614286 1009.914286 0.000000 
34.176015 134 1049.313433 1009.768657 0.000000 
33.526109 138 1048.681159 1009.898551 0.000000 
33.526109 132 1050.325758 1010.106061 0.000000 
33.837849 137 1051.131387 1009.890511 0.000000 
35.114100 142 1050.176056 1009.774648 0.000000 
34.003676 146 1050.869863 1009.917808 0.000000 
34.481879 147 1048.789116 1010.108844 0.000000 
34.785054 148 1049.864865 1009.918919 0.000000 
36.055513 141 1051.120567 1009.780142 0.000000 
35.440090 147 1050.523810 1009.904762 0.000000 
35.920050 142 1051.746479 1010.098592 0.000000 
36.687873 125 1058.232000 1009.880000 0.000000 
37.473324 118 1060.076271 1009.728814 0.000000 
33.049206 120 1062.241667 1009.900000 0.000000 
33.526109 116 1062.103448 1010.137931 0.000000 
33.837849 117 1062.401709 1009.897436 0.000000 
34.644624 115 1063.278261 1009.730435 0.000000 
34.003676 121 1062.537190 1009.884298 0.000000 
34.481879 114 1064.421053 1010.122807 0.000000 
34.785054 117 1065.068376 1009.871795 0.000000 
35.584407 111 1066.315315 1009.711712 0.000000 
34.960692 119 1066.319328 1009.899160 0.000000 
35.440090 116 1066.060345 1010.137931 0.000000 
35.735137 117 1066.264957 1009.897436 0.000000 
36.527387 115 1067.191304 1009.730435 0.000000 
35.920050 119 1066.882353 1009.882353 0.000000 
36.400549 115 1068.260870 1010.121739 0.000000 
36.687873 122 1068.245902 1009.877049 0.000000 
37.473324 117 1069.282051 1009.726496 0.000000 
36.881567 119 1070.168067 1009.899160 0.000000 
37.363083 110 1070.809091 1010.145455 0.000000 
37.643060 113 1070.876106 1009.893805 0.000000 
38.421999 114 1071.377193 1009.728070 0.000000 
37.845079 114 1071.508772 1009.877193 0.000000 
38.327536 113 1072.522124 1010.123894 0.000000 
38.600518 122 1072.213115 1009.877049 0.000000 
39.373214 113 1073.752212 1009.716814 0.000000 
38.810437 117 1074.444444 1009.897436 0.000000 
39.293765 107 1075.205607 1010.149533 0.000000 
39.560081 112 1074.928571 1009.892857 0.000000 
40.326790 114 1075.333333 1009.728070 0.000000 
39.777506 114 1075.368421 1009.877193 0.000000 
40.261644 113 1076.433628 1010.123894 0.000000 
40.521599 120 1076.516667 1009.875000 0.000000 
41.282563 114 1077.614035 1009.719298 0.000000 
40.746165 122 1077.729508 1009.901639 0.000000 
41.231056 113 1078.300885 1010.141593 0.000000 
41.484937 112 1078.767857 1009.892857 0.000000 
42.240384 108 1079.944444 1009.712963 0.000000 
41.716304 110 1079.890909 1009.872727 0.000000 
42.201896 112 1080.598214 1010.125000 0.000000 
42.449971 115 1081.034783 1009.869565 0.000000 
43.200116 112 1081.830357 1009.714286 0.000000 
42.687820 122 1081.696721 1009.901639 0.000000 
43.174066 109 1082.678899 1010.146789 0.000000 
43.416587 110 1083.000000 1009.890909 0.000000 
44.161635 105 1084.266667 1009.704762 0.000000 
43.660623 109 1083.917431 1009.871560 0.000000 
44.147480 112 1084.553571 1010.125000 0.000000 
44.384682 115 1084.895652 1009.869565 0.000000 
45.124827 112 1085.741071 1009.714286 0.000000 
44.634628 120 1085.958333 1009.900000 0.000000 
45.122057 110 1086.563636 1010.145455 0.000000 
45.354162 115 1086.391304 1009.895652 0.000000 
46.089587 111 1087.504505 1009.720721 0.000000 
45.609758 109 1087.752294 1009.871560 0.000000 
46.097722 106 1089.018868 1010.132075 0.000000 
46.324939 111 1089.324324 1009.864865 0.000000 
47.055818 111 1089.882883 1009.711712 0.000000 
46.585942 115 1090.365217 1009.895652 0.000000 
47.074409 108 1090.731481 1010.148148 0.000000 
47.296934 115 1090.356522 1009.895652 0.000000 
48.023432 107 1091.785047 1009.710280 0.000000 
47.563116 107 1091.934579 1009.869159 0.000000 
48.052055 103 1093.262136 1010.135922 0.000000 
48.270074 110 1093.327273 1009.863636 0.000000 
48.992346 111 1093.837838 1009.711712 0.000000 
48.541220 115 1094.226087 1009.895652 0.000000 
49.030603 108 1094.638889 1010.148148 0.000000 
49.244289 113 1094.575221 1009.893805 0.000000 
49.962486 108 1095.694444 1009.712963 0.000000 
49.520198 112 1095.446429 1009.875000 0.000000 
50.009999 109 1096.651376 1010.128440 0.000000 
50.219518 110 1097.163636 1009.863636 0.000000 
50.933781 105 1098.152381 1009.695238 0.000000 
50.500000 111 1098.558559 1009.891892 0.000000 
50.990195 107 1098.757009 1010.149533 0.000000 
51.195703 108 1098.851852 1009.888889 0.000000 
51.906165 106 1099.811321 1009.707547 0.000000 
51.480579 112 1099.410714 1009.875000 0.000000 
51.971146 105 1100.828571 1010.133333 0.000000 
52.172790 108 1101.296296 1009.861111 0.000000 
52.879580 102 1102.313725 1009.686275 0.000000 
52.461891 110 1102.536364 1009.890909 0.000000 
52.952809 107 1102.710280 1010.149533 0.000000 
53.150729 108 1102.703704 1009.888889 0.000000 
53.853969 106 1103.716981 1009.707547 0.000000 
53.443896 110 1103.581818 1009.872727 0.000000 
53.935146 106 1104.764151 1010.132075 0.000000 
54.129474 113 1104.929204 1009.867257 0.000000 
54.829280 108 1105.861111 1009.703704 0.000000 
54.426556 110 1106.372727 1009.890909 0.000000 
54.918121 101 1106.851485 1010.158416 0.000000 
55.108983 104 1106.923077 1009.884615 0.000000 
55.805466 105 1107.809524 1009.704762 0.000000 
55.409837 105 1107.723810 1009.866667 0.000000 
55.901699 104 1108.826923 1010.134615 0.000000 
56.089215 113 1108.893805 1009.867257 0.000000 
56.782480 104 1109.932692 1009.692308 0.000000 
56.393705 108 1110.453704 1009.888889 0.000000 
56.885851 98 1110.918367 1010.163265 0.000000 
57.070132 103 1110.864078 1009.883495 0.000000 
57.760280 105 1111.761905 1009.704762 0.000000 
57.378132 105 1111.571429 1009.866667 0.000000 
57.870545 104 1112.730769 1010.134615 0.000000 
58.051701 111 1113.018018 1009.864865 0.000000 
58.738829 105 1113.895238 1009.695238 0.000000 
58.363088 113 1114.212389 1009.893805 0.000000 
58.855756 104 1114.644231 1010.153846 0.000000 
59.033889 103 1114.689320 1009.883495 0.000000 
59.718088 99 1115.727273 1009.686869 0.000000 
59.348547 101 1115.673267 1009.861386 0.000000 
59.841457 103 1116.796117 1010.135922 0.000000 
60.016664 106 1117.037736 1009.858491 0.000000 
60.698023 103 1117.902913 1009.689320 0.000000 
60.334484 113 1118.176991 1009.893805 0.000000 
60.827625 99 1118.505051 1010.161616 0.000000 
61.000000 101 1118.712871 1009.881188 0.000000 
61.678602 94 1119.563830 1009.670213 0.000000 
61.320877 108 1120.018519 1009.870370 0.000000 
61.814238 93 1120.139785 1010.150538 0.000000 
61.983869 99 1120.454545 1009.848485 0.000000 
62.659796 98 1121.234694 1009.673469 0.000000 
62.307704 108 1121.768519 1009.879630 0.000000 
62.801274 99 1121.565657 1010.181818 0.000000 
62.968246 108 1121.592593 1009.944444 0.000000 
63.641574 106 1122.226415 1009.764151 0.000000 
63.294945 105 1121.800000 1009.885714 0.000000 
63.788714 100 1122.710000 1010.140000 0.000000 
63.953108 109 1122.990826 1009.862385 0.000000 
64.623912 108 1123.629630 1009.703704 0.000000 
64.282579 120 1123.966667 1009.900000 0.000000 
64.776539 117 1123.940171 1010.136752 0.000000 
64.938432 120 1123.825000 1009.900000 0.000000 
65.606783 134 1124.320896 1009.768657 0.000000 
65.270591 114 1124.447368 1009.877193 0.000000 
65.764732 123 1124.910569 1010.113821 0.000000 
65.924199 122 1125.418033 1009.877049 0.000000 
66.590164 119 1125.554622 1009.731092 0.000000 
66.258962 115 1126.043478 1009.895652 0.000000 
66.753277 118 1125.474576 1010.135593 0.000000 
66.910388 115 1125.947826 1009.895652 0.000000 
67.574033 121 1126.231405 1009.743802 0.000000 
67.247677 123 1126.032520 1009.886179 0.000000 
67.742158 114 1127.552632 1010.122807 0.000000 
67.896981 117 1128.273504 1009.871795 0.000000 
68.558369 118 1128.423729 1009.728814 0.000000 
68.236720 124 1128.935484 1009.903226 0.000000 
68.731361 109 1129.660550 1010.146789 0.000000 
68.883960 114 1129.342105 1009.894737 0.000000 
69.543152 104 1130.740385 1009.701923 0.000000 
69.226079 106 1130.650943 1009.867925 0.000000 
69.720872 107 1131.607477 1010.130841 0.000000 
69.871310 110 1132.118182 1009.863636 0.000000 
70.528363 103 1133.000000 1009.689320 0.000000 
70.215739 103 1134.165049 1009.883495 0.000000 
70.710678 96 1134.145833 1010.166667 0.000000 
70.859015 103 1133.708738 1009.883495 0.000000 
71.513985 99 1134.727273 1009.686869 0.000000 
71.205688 103 1134.349515 1009.864078 0.000000 
71.700767 104 1135.028846 1010.134615 0.000000 
71.847060 111 1135.207207 1009.864865 0.000000 
72.500000 112 1135.250000 1009.714286 0.000000 
72.195914 116 1136.068966 1009.896552 0.000000 
72.691127 119 1134.731092 1010.134454 0.000000 
72.835431 120 1135.058333 1009.900000 0.000000 
73.486393 134 1134.037313 1009.768657 0.000000 
73.186406 130 1134.561538 1009.892308 0.000000 
73.681748 143 1133.972028 1010.097902 0.000000 
73.824115 154 1133.967532 1009.902597 0.000000 
74.473150 175 1132.565714 1009.817143 0.000000 
74.177153 153 1135.209150 1009.921569 0.000000 
74.672619 156 1134.025641 1010.102564 0.000000 
74.813100 163 1133.901840 1009.926380 0.000000 
75.460254 185 1132.691892 1009.832432 0.000000 
75.168145 187 1132.727273 1009.925134 0.000000 
75.663730 180 1133.561111 1010.077778 0.000000 
75.802375 187 1133.935829 1009.919786 0.000000 
76.447695 212 1132.500000 1009.849057 0.000000 
76.159372 220 1133.009091 1009.945455 0.000000 
76.791927 233 1131.652361 1010.068670 0.000000 
76.791927 214 1132.864486 1009.943925 0.000000 
77.435457 244 1131.651639 1009.872951 0.000000 
77.286804 238 1132.046218 1009.941176 0.000000 
77.781746 273 1131.018315 1010.051282 0.000000 
77.929455 246 1132.703252 1009.939024 0.000000 
78.423530 260 1132.207692 1009.876923 0.000000 
78.276753 272 1132.466912 1009.955882 0.000000 
78.771822 272 1131.834559 1010.058824 0.000000 
78.771822 253 1132.102767 1009.952569 0.000000 
79.411901 247 1132.777328 1009.874494 0.000000 
79.134379 241 1133.170124 1009.941909 0.000000 
79.630396 218 1134.807339 1010.064220 0.000000 
79.762146 197 1136.695431 1009.923858 0.000000 
80.400560 190 1137.257895 1009.831579 0.000000 
80.126463 188 1139.069149 1009.936170 0.000000 
80.622577 178 1139.101124 1010.089888 0.000000 
80.752709 199 1137.763819 1009.939698 0.000000 
81.389496 163 1142.423313 1009.809816 0.000000 
81.118740 157 1145.050955 1009.910828 0.000000 
81.614950 156 1145.294872 1010.089744 0.000000 
81.743501 174 1145.402299 1009.913793 0.000000 
82.378699 156 1145.596154 1009.794872 0.000000 
82.111205 146 1148.363014 1009.917808 0.000000 
82.607506 142 1147.401408 1010.112676 0.000000 
82.734515 141 1148.418440 1009.914894 0.000000 
83.368159 151 1148.019868 1009.794702 0.000000 
83.103851 153 1148.137255 1009.908497 0.000000 
83.600239 147 1149.659864 1010.095238 0.000000 
83.725743 150 1151.066667 1009.900000 0.000000 
84.357869 145 1151.834483 1009.779310 0.000000 
84.096671 147 1153.401361 1009.918367 0.000000 
84.593144 150 1151.993333 1010.106667 0.000000 
84.717177 153 1152.450980 1009.921569 0.000000 
85.347818 158 1152.006329 1009.803797 0.000000 
85.212968 160 1152.075000 1009.912500 0.000000 
85.708809 163 1152.521472 1010.085890 0.000000 
85.708809 174 1152.149425 1009.913793 0.000000 
86.337999 165 1153.175758 1009.806061 0.000000 
86.204698 193 1151.492228 1009.937824 0.000000 
86.579443 159 1154.031447 1010.100629 0.000000 
86.700634 158 1155.303797 1009.924051 0.000000 
87.328403 158 1155.291139 1009.803797 0.000000 
87.076116 160 1155.087500 1009.912500 0.000000 
87.572827 159 1155.566038 1010.088050 0.000000 
87.692645 152 1158.131579 1009.901316 0.000000 
88.319024 156 1157.743590 1009.794872 0.000000 
88.069575 160 1158.643750 1009.925000 0.000000 
88.566359 143 1159.958042 1010.111888 0.000000 
88.684835 148 1160.445946 1009.918919 0.000000 
89.309854 142 1160.760563 1009.781690 0.000000 
89.063180 146 1160.397260 1009.904110 0.000000 
89.560036 140 1161.592857 1010.100000 0.000000 
89.677199 145 1162.655172 1009.896552 0.000000 
90.300886 150 1162.033333 1009.786667 0.000000 
90.056926 154 1162.902597 1009.922078 0.000000 
90.553851 155 1160.980645 1010.103226 0.000000 
90.669730 156 1162.051282 1009.923077 0.000000 
91.292114 149 1162.872483 1009.791946 0.000000 
91.050810 155 1162.625806 1009.909677 0.000000 
91.547802 150 1163.520000 1010.093333 0.000000 
91.662424 133 1168.563910 1009.887218 0.000000 
92.283530 126 1169.753968 1009.746032 0.000000 
92.044826 128 1171.945313 1009.906250 0.000000 
92.541882 124 1171.483871 1010.129032 0.000000 
92.655275 125 1171.848000 1009.904000 0.000000 
93.275131 123 1172.495935 1009.747967 0.000000 
93.038970 129 1172.302326 1009.891473 0.000000 
93.536089 122 1173.475410 1010.114754 0.000000 
93.648278 125 1174.344000 1009.880000 0.000000 
94.266908 119 1174.966387 1009.731092 0.000000 
94.033239 127 1175.685039 1009.905512 0.000000 
94.530418 124 1175.185484 1010.129032 0.000000 
94.641429 125 1175.464000 1009.904000 0.000000 
95.258858 123 1176.154472 1009.747967 0.000000 
95.027628 127 1176.212598 1009.889764 0.000000 
95.524866 123 1177.154472 1010.113821 0.000000 
95.634722 130 1177.738462 1009.884615 0.000000 
96.250974 125 1178.288000 1009.744000 0.000000 
96.022133 127 1179.291339 1009.905512 0.000000 
96.519428 118 1179.059322 1010.135593 0.000000 
96.628153 121 1179.413223 1009.900826 0.000000 
97.243252 122 1179.975410 1009.745902 0.000000 
97.016751 122 1180.098361 1009.885246 0.000000 
97.514102 121 1180.950413 1010.115702 0.000000 
97.621719 130 1181.461538 1009.884615 0.000000 
98.235686 121 1182.099174 1009.735537 0.000000 
98.011479 125 1183.120000 1009.904000 0.000000 
98.508883 115 1182.843478 1010.139130 0.000000 
98.615415 120 1183.100000 1009.900000 0.000000 
99.228272 122 1183.672131 1009.745902 0.000000 
99.006313 122 1183.704918 1009.885246 0.000000 
99.503769 121 1184.603306 1010.115702 0.000000 
99.609237 128 1185.328125 1009.882813 0.000000 
100.221006 122 1185.803279 1009.737705 0.000000 
100.001250 130 1186.638462 1009.907692 0.000000 
100.498756 121 1186.347107 1010.132231 0.000000 
100.603181 120 1186.683333 1009.900000 0.000000 
101.213882 116 1187.362069 1009.732759 0.000000 
100.996287 118 1187.525424 1009.881356 0.000000 
101.493842 120 1188.391667 1010.116667 0.000000 
101.597244 123 1189.097561 1009.878049 0.000000 
102.206898 120 1189.541667 1009.733333 0.000000 
101.991421 130 1190.361538 1009.907692 0.000000 
102.489024 117 1190.017094 1010.136752 0.000000 
102.591423 118 1190.423729 1009.898305 0.000000 
103.200048 113 1191.044248 1009.725664 0.000000 
102.986650 117 1191.170940 1009.880342 0.000000 
103.484298 120 1192.083333 1010.116667 0.000000 
103.585713 123 1192.707317 1009.878049 0.000000 
104.193330 120 1193.191667 1009.733333 0.000000 
103.981970 128 1194.179688 1009.906250 0.000000 
104.479663 118 1193.745763 1010.135593 0.000000 
104.580113 123 1194.105691 1009.902439 0.000000 
105.186739 119 1194.731092 1009.739496 0.000000 
104.977379 117 1194.743590 1009.880342 0.000000 
105.475116 114 1195.578947 1010.122807 0.000000 
105.574618 119 1196.428571 1009.873950 0.000000 
106.180271 119 1196.949580 1009.731092 0.000000 
105.972874 123 1197.821138 1009.902439 0.000000 
106.470653 116 1197.405172 1010.137931 0.000000 
106.569226 123 1197.813008 1009.902439 0.000000 
107.173924 115 1198.269565 1009.730435 0.000000 
106.968453 115 1198.408696 1009.878261 0.000000 
107.466274 111 1199.153153 1010.126126 0.000000 
107.563934 118 1200.050847 1009.872881 0.000000 
108.167694 119 1200.638655 1009.731092 0.000000 
107.964114 123 1201.430894 1009.902439 0.000000 
108.461975 116 1201.043103 1010.137931 0.000000 
108.558740 121 1201.545455 1009.900826 0.000000 
109.161577 116 1202.025862 1009.732759 0.000000 
108.959855 120 1202.250000 1009.883333 0.000000 
109.457754 117 1203.034188 1010.119658 0.000000 
109.553640 118 1203.627119 1009.872881 0.000000 
110.155572 113 1203.946903 1009.716814 0.000000 
109.955673 119 1205.042017 1009.899160 0.000000 
110.453610 115 1204.756522 1010.139130 0.000000 
110.548632 116 1204.965517 1009.896552 0.000000 
111.149674 114 1205.614035 1009.728070 0.000000 
110.951566 120 1205.950000 1009.883333 0.000000 
111.449540 113 1206.433628 1010.123894 0.000000 
111.543713 116 1207.241379 1009.870690 0.000000 
112.143881 110 1207.418182 1009.709091 0.000000 
111.947532 118 1208.635593 1009.898305 0.000000 
112.445542 115 1208.434783 1010.139130 0.000000 
112.538882 116 1208.551724 1009.896552 0.000000 
113.138190 114 1209.245614 1009.728070 0.000000 
112.943570 118 1209.610169 1009.881356 0.000000 
113.441615 114 1210.219298 1010.122807 0.000000 
113.534136 121 1211.214876 1009.876033 0.000000 
114.132598 116 1211.491379 1009.724138 0.000000 
113.939677 118 1212.211864 1009.898305 0.000000 
114.437756 109 1211.486239 1010.146789 0.000000 
114.529472 112 1211.964286 1009.892857 0.000000 
115.127104 113 1212.920354 1009.725664 0.000000 
114.935852 113 1212.840708 1009.876106 0.000000 
115.433964 112 1213.732143 1010.125000 0.000000 
115.524889 121 1214.917355 1009.876033 0.000000 
116.121703 112 1214.758929 1009.714286 0.000000 
115.932092 116 1215.767241 1009.896552 0.000000 
116.430237 106 1214.811321 1010.150943 0.000000 
116.520384 111 1215.486486 1009.891892 0.000000 
117.116395 113 1216.592920 1009.725664 0.000000 
116.928397 113 1216.415929 1009.876106 0.000000 
117.426573 112 1217.357143 1010.125000 0.000000 
117.515956 119 1218.529412 1009.873950 0.000000 
118.111176 113 1218.575221 1009.716814 0.000000 
117.924764 121 1219.884298 1009.900826 0.000000 
118.422971 112 1219.133929 1010.142857 0.000000 
118.511603 111 1219.036036 1009.891892 0.000000 
119.106045 107 1219.411215 1009.710280 0.000000 
118.921192 109 1219.660550 1009.871560 0.000000 
119.419429 111 1220.990991 1010.126126 0.000000 
119.507322 114 1221.631579 1009.868421 0.000000 
120.100999 111 1222.018018 1009.711712 0.000000 
119.917680 121 1223.586777 1009.900826 0.000000 
120.415946 107 1221.981308 1010.149533 0.000000 
120.503112 109 1222.477064 1009.889908 0.000000 
121.096036 102 1222.147059 1009.696078 0.000000 
120.914226 116 1224.672414 1009.879310 0.000000 
121.412520 101 1222.504950 1010.138614 0.000000 
121.498971 107 1223.785047 1009.859813 0.000000 
122.091154 106 1224.349057 1009.698113 0.000000 
121.910828 116 1226.301724 1009.887931 0.000000 
122.409150 107 1224.813084 1010.168224 0.000000 
122.494898 116 1226.137931 1009.948276 0.000000 
123.086352 114 1226.456140 1009.780702 0.000000 
122.907486 113 1225.920354 1009.893805 0.000000 
123.405835 108 1226.027778 1010.129630 0.000000 
123.490890 117 1227.572650 1009.871795 0.000000 
124.081626 116 1228.034483 1009.724138 0.000000 
123.904197 128 1229.812500 1009.906250 0.000000 
124.402572 125 1229.448000 1010.128000 0.000000 
124.486947 128 1229.679688 1009.906250 0.000000 
125.076976 142 1231.542254 1009.781690 0.000000 
124.900961 122 1229.565574 1009.885246 0.000000 
125.399362 131 1231.022901 1010.106870 0.000000 
125.483067 130 1231.392308 1009.884615 0.000000 
126.072400 127 1231.188976 1009.748031 0.000000 
125.897776 123 1231.178862 1009.902439 0.000000 
126.396202 126 1231.000000 1010.126984 0.000000 
126.479247 123 1231.089431 1009.902439 0.000000 
127.067895 129 1232.046512 1009.759690 0.000000 
126.894641 131 1232.076336 1009.893130 0.000000 
127.393092 122 1232.467213 1010.114754 0.000000 
127.475488 125 1233.504000 1009.880000 0.000000 
128.063461 126 1233.761905 1009.746032 0.000000 
127.891556 132 1234.909091 1009.909091 0.000000 
128.390031 117 1233.786325 1010.136752 0.000000 
128.471787 122 1234.139344 1009.901639 0.000000 
129.059095 112 1234.080357 1009.723214 0.000000 
128.888518 114 1234.289474 1009.877193 0.000000 
129.387016 115 1235.321739 1010.121739 0.000000 
129.468143 118 1236.211864 1009.872881 0.000000 
130.054796 111 1236.027027 1009.711712 0.000000 
129.885527 111 1237.108108 1009.891892 0.000000 
130.384048 104 1235.942308 1010.153846 0.000000 
130.464555 111 1236.684685 1009.891892 0.000000 
131.050563 107 1236.990654 1009.710280 0.000000 
130.882581 111 1237.279279 1009.873874 0.000000 
131.381125 112 1238.062500 1010.125000 0.000000 
131.461021 119 1239.226891 1009.873950 0.000000 
132.046393 120 1239.400000 1009.733333 0.000000 
131.879680 124 1240.677419 1009.903226 0.000000 
132.378246 127 1239.787402 1010.125984 0.000000 
132.457540 128 1240.210938 1009.906250 0.000000 
133.042287 142 1240.711268 1009.781690 0.000000 
132.876823 138 1240.818841 1009.898551 0.000000 
133.375410 151 1241.443709 1010.092715 0.000000 
133.454112 162 1242.290123 1009.907407 0.000000 
134.038241 183 1242.289617 1009.825137 0.000000 
133.874008 161 1243.397516 1009.925466 0.000000 
134.372616 164 1242.487805 1010.097561 0.000000 
134.450734 171 1242.842105 1009.929825 0.000000 
135.034255 193 1242.943005 1009.839378 0.000000 
134.871235 195 1243.076923 1009.928205 0.000000 
135.369864 188 1243.515957 1010.074468 0.000000 
135.447407 195 1244.235897 1009.923077 0.000000 
136.030328 220 1243.954545 1009.854545 0.000000 
135.868503 228 1244.745614 1009.947368 0.000000 
136.444128 241 1243.879668 1010.066390 0.000000 
136.444128 222 1244.382883 1009.945946 0.000000 
137.026457 252 1244.218254 1009.876984 0.000000 
136.942506 246 1244.418699 1009.943089 0.000000 
137.440896 281 1244.370107 1010.049822 0.000000 
137.524543 254 1245.295276 1009.940945 0.000000 
138.022643 268 1245.201493 1009.880597 0.000000 
137.939298 280 1245.753571 1009.957143 0.000000 
138.437712 280 1245.139286 1010.057143 0.000000 
138.437712 261 1244.911877 1009.954023 0.000000 
139.018884 255 1245.396078 1009.878431 0.000000 
138.860542 249 1245.598394 1009.943775 0.000000 
139.359248 226 1246.407080 1010.061947 0.000000 
139.434572 205 1247.360976 1009.926829 0.000000 
140.015178 198 1247.570707 1009.838384 0.000000 
139.857964 196 1249.209184 1009.938776 0.000000 
140.356688 186 1248.709677 1010.086022 0.000000 
140.431478 207 1248.478261 1009.942029 0.000000 
141.011524 171 1250.964912 1009.818713 0.000000 
140.855422 165 1253.048485 1009.915152 0.000000 
141.354165 164 1253.207317 1010.085366 0.000000 
141.428427 182 1254.505495 1009.917582 0.000000 
142.007922 164 1253.493902 1009.804878 0.000000 
141.852917 154 1255.331169 1009.922078 0.000000 
142.351677 150 1254.073333 1010.106667 0.000000 
142.425419 149 1254.946309 1009.919463 0.000000 
143.004371 159 1255.415094 1009.805031 0.000000 
142.850446 161 1255.683230 1009.913043 0.000000 
143.349224 155 1256.645161 1010.090323 0.000000 
143.422453 158 1258.227848 1009.905063 0.000000 
144.000868 153 1258.535948 1009.790850 0.000000 
143.848010 155 1260.193548 1009.922581 0.000000 
144.346805 158 1259.107595 1010.101266 0.000000 
144.419528 161 1259.782609 1009.925466 0.000000 
144.997414 166 1259.740964 1009.813253 0.000000 
144.918080 168 1259.952381 1009.916667 0.000000 
145.416643 171 1260.590643 1010.081871 0.000000 
145.416643 182 1260.956044 1009.917582 0.000000 
145.994007 173 1261.352601 1009.815029 0.000000 
145.915215 201 1261.383085 1009.940299 0.000000 
146.342065 167 1261.742515 1010.095808 0.000000 
146.413797 166 1262.879518 1009.927711 0.000000 
146.990646 166 1262.867470 1009.813253 0.000000 
146.840900 168 1262.821429 1009.916667 0.000000 
147.339743 167 1263.203593 1010.083832 0.000000 
147.410990 160 1265.100000 1009.906250 0.000000 
147.987331 164 1265.048780 1009.804878 0.000000 
147.838594 168 1266.208333 1009.928571 0.000000 
148.337453 151 1266.052980 1010.105960 0.000000 
148.408221 156 1266.961538 1009.923077 0.000000 
148.984060 150 1266.720000 1009.793333 0.000000 
148.836319 154 1266.740260 1009.909091 0.000000 
149.335193 148 1267.317568 1010.094595 0.000000 
149.405489 153 1268.790850 1009.901961 0.000000 
149.980832 158 1268.639241 1009.797468 0.000000 
149.834075 162 1269.796296 1009.925926 0.000000 
150.332964 163 1268.049080 1010.098160 0.000000 
150.402793 164 1269.146341 1009.926829 0.000000 
150.977647 157 1269.350318 1009.802548 0.000000 
150.831860 163 1269.613497 1009.914110 0.000000 
151.330764 158 1270.050633 1010.088608 0.000000 
151.400132 141 1273.184397 1009.893617 0.000000 
151.974504 134 1273.500000 1009.761194 0.000000 
151.829674 136 1275.801471 1009.911765 0.000000 
152.328592 132 1274.878788 1010.121212 0.000000 
152.397507 133 1275.345865 1009.909774 0.000000 
152.971403 131 1275.702290 1009.763359 0.000000 
152.827517 137 1276.255474 1009.897810 0.000000 
153.326449 130 1276.492308 1010.107692 0.000000 
153.394915 133 1277.691729 1009.887218 0.000000 
153.968341 127 1277.488189 1009.748031 0.000000 
153.825388 135 1279.200000 1009.911111 0.000000 
154.324334 132 1278.356061 1010.121212 0.000000 
154.392357 133 1278.744361 1009.909774 0.000000 
154.965319 131 1279.137405 1009.763359 0.000000 
154.823286 135 1279.696296 1009.896296 0.000000 
155.322246 131 1280.076336 1010.106870 0.000000 
155.389832 138 1281.492754 1009.891304 0.000000 
155.962335 133 1281.398496 1009.759398 0.000000 
155.821212 135 1282.592593 1009.911111 0.000000 
156.320184 126 1281.182540 1010.126984 0.000000 
156.387340 129 1281.930233 1009.906977 0.000000 
156.959390 130 1282.592308 1009.761538 0.000000 
156.819163 130 1282.707692 1009.892308 0.000000 
157.318149 129 1283.372093 1010.108527 0.000000 
157.384879 138 1285.000000 1009.891304 0.000000 
157.956481 129 1284.449612 1009.751938 0.000000 
157.817141 133 1285.939850 1009.909774 0.000000 
158.316139 123 1284.284553 1010.130081 0.000000 
158.382449 128 1285.250000 1009.906250 0.000000 
158.953610 130 1286.061538 1009.761538 0.000000 
158.815144 130 1286.092308 1009.892308 0.000000 
159.314155 129 1286.798450 1010.108527 0.000000 
159.380049 136 1288.397059 1009.889706 0.000000 
159.950774 130 1288.061538 1009.753846 0.000000 
159.813172 138 1289.876812 1009.913043 0.000000 
160.312195 129 1288.434109 1010.124031 0.000000 
160.377679 128 1288.609375 1009.906250 0.000000 
160.947973 124 1288.661290 1009.750000 0.000000 
160.811225 126 1289.111111 1009.888889 0.000000 
161.310260 128 1290.210938 1010.109375 0.000000 
161.375339 131 1291.290076 1009.885496 0.000000 
161.945207 128 1291.289063 1009.750000 0.000000 
161.809301 138 1293.384058 1009.913043 0.000000 
162.308349 125 1291.296000 1010.128000 0.000000 
162.373027 126 1291.825397 1009.904762 0.000000 
162.942475 121 1291.636364 1009.743802 0.000000 
162.807402 125 1292.376000 1009.888000 0.000000 
163.306460 128 1293.671875 1010.109375 0.000000 
163.370744 131 1294.679389 1009.885496 0.000000 
163.939776 128 1294.710938 1009.750000 0.000000 
163.805525 136 1296.727941 1009.911765 0.000000 
164.304595 126 1294.936508 1010.126984 0.000000 
164.368488 131 1295.992366 1009.908397 0.000000 
164.937109 127 1296.007874 1009.755906 0.000000 
164.803671 125 1295.720000 1009.888000 0.000000 
165.302753 122 1296.032787 1010.114754 0.000000 
165.366260 127 1297.598425 1009.881890 0.000000 
165.934475 127 1298.086614 1009.748031 0.000000 
165.801840 131 1299.480916 1009.908397 0.000000 
166.300932 124 1298.056452 1010.129032 0.000000 
166.364059 131 1299.473282 1009.908397 0.000000 
166.931872 123 1298.707317 1009.747967 0.000000 
166.800030 123 1298.837398 1009.886179 0.000000 
167.299133 119 1298.873950 1010.117647 0.000000 
167.361883 126 1300.841270 1009.880952 0.000000 
167.929301 127 1301.543307 1009.748031 0.000000 
167.798242 131 1302.870229 1009.908397 0.000000 
168.297356 124 1301.459677 1010.129032 0.000000 
168.359734 129 1302.689922 1009.906977 0.000000 
168.926759 124 1302.379032 1009.750000 0.000000 
168.796475 128 1303.203125 1009.890625 0.000000 
169.295599 125 1303.480000 1010.112000 0.000000 
169.357610 126 1304.190476 1009.880952 0.000000 
169.924248 121 1303.685950 1009.735537 0.000000 
169.794729 127 1305.669291 1009.905512 0.000000 
170.293864 123 1304.772358 1010.130081 0.000000 
170.355511 124 1305.129032 1009.903226 0.000000 
170.921766 122 1305.409836 1009.745902 0.000000 
170.793003 128 1306.671875 1009.890625 0.000000 
171.292148 121 1306.008264 1010.115702 0.000000 
171.353436 124 1307.258065 1009.879032 0.000000 
171.919312 118 1306.406780 1009.728814 0.000000 
171.791298 126 1308.880952 1009.904762 0.000000 
172.290452 123 1308.211382 1010.130081 0.000000 
172.351385 124 1308.483871 1009.903226 0.000000 
172.916888 122 1308.803279 1009.745902 0.000000 
172.789612 126 1309.793651 1009.888889 0.000000 
173.288776 122 1309.713115 1010.114754 0.000000 
173.349358 129 1311.759690 1009.883721 0.000000 
173.914490 124 1311.233871 1009.741935 0.000000 
173.787945 126 1312.230159 1009.904762 0.000000 
174.287119 117 1310.017094 1010.136752 0.000000 
174.347354 120 1311.000000 1009.900000 0.000000 
174.912121 121 1312.066116 1009.743802 0.000000 
174.786298 121 1311.991736 1009.884298 0.000000 
175.285481 120 1312.650000 1010.116667 0.000000 
175.345373 129 1315.232558 1009.883721 0.000000 
175.909778 120 1313.608333 1009.733333 0.000000 
175.784669 124 1315.233871 1009.903226 0.000000 
176.283862 114 1312.543860 1010.140351 0.000000 
176.343415 119 1314.109244 1009.899160 0.000000 
176.907462 121 1315.495868 1009.743802 0.000000 
176.783059 121 1315.330579 1009.884298 0.000000 
177.282261 120 1316.033333 1010.116667 0.000000 
177.341479 127 1318.307087 1009.881890 0.000000 
177.905171 121 1317.347107 1009.735537 0.000000 
177.781467 129 1319.891473 1009.906977 0.000000 
178.280678 120 1317.691667 1010.133333 0.000000 
178.339564 119 1317.420168 1009.899160 0.000000 
178.902907 115 1317.017391 1009.730435 0.000000 
178.779893 117 1317.632479 1009.880342 0.000000 
179.279112 119 1319.243697 1010.117647 0.000000 
179.337670 122 1320.377049 1009.877049 0.000000 
179.900667 119 1320.201681 1009.731092 0.000000 
179.778336 129 1323.364341 1009.906977 0.000000 
180.277564 115 1319.408696 1010.139130 0.000000 
180.335798 117 1320.256410 1009.897436 0.000000 
180.898452 110 1318.536364 1009.718182 0.000000 
180.776796 124 1323.564516 1009.887097 0.000000 
181.276033 109 1318.651376 1010.128440 0.000000 
181.333946 115 1321.086957 1009.869565 0.000000 
181.896262 114 1321.412281 1009.719298 0.000000 
181.775273 124 1325.088710 1009.895161 0.000000 
182.274518 115 1322.043478 1010.156522 0.000000 
182.332115 124 1324.935484 1009.951613 0.000000 
182.894095 122 1324.885246 1009.795082 0.000000 
182.773767 121 1324.206612 1009.900826 0.000000 
183.273020 116 1323.370690 1010.120690 0.000000 
183.330303 125 1326.448000 1009.880000 0.000000 
183.891952 124 1326.709677 1009.741935 0.000000 
183.772278 136 1330.264706 1009.911765 0.000000 
184.271539 133 1329.481203 1010.120301 0.000000 
184.328511 136 1330.139706 1009.911765 0.000000 
184.889832 150 1333.726667 1009.793333 0.000000 
184.770804 130 1329.130769 1009.892308 0.000000 
185.270073 139 1331.827338 1010.100719 0.000000 
185.326738 138 1332.036232 1009.891304 0.000000 
185.887735 135 1331.414815 1009.762963 0.000000 
185.769346 131 1330.801527 1009.908397 0.000000 
186.268623 134 1331.089552 1010.119403 0.000000 
186.324985 131 1330.717557 1009.908397 0.000000 
186.885660 137 1332.510949 1009.773723 0.000000 
186.767904 139 1332.820144 1009.899281 0.000000 
187.267189 130 1331.853846 1010.107692 0.000000 
187.323250 133 1333.293233 1009.887218 0.000000 
187.883608 134 1333.686567 1009.761194 0.000000 
187.766477 140 1335.628571 1009.914286 0.000000 
188.265770 125 1332.264000 1010.128000 0.000000 
188.321534 130 1333.423077 1009.907692 0.000000 
188.881577 120 1331.641667 1009.741667 0.000000 
188.765066 122 1332.204918 1009.885246 0.000000 
189.264365 123 1333.349593 1010.113821 0.000000 
189.319835 126 1334.706349 1009.880952 0.000000 
189.879567 119 1333.268908 1009.731092 0.000000 
189.763669 119 1334.277311 1009.899160 0.000000 
190.262976 112 1331.767857 1010.142857 0.000000 
190.318155 119 1333.882353 1009.899160 0.000000 
190.877579 115 1333.373913 1009.730435 0.000000 
190.762287 119 1334.436975 1009.882353 0.000000 
191.261601 120 1335.358333 1010.116667 0.000000 
191.316492 127 1337.700787 1009.881890 0.000000 
191.875611 128 1338.031250 1009.750000 0.000000 
191.760919 132 1339.878788 1009.909091 0.000000 
192.260240 135 1339.503704 1010.118519 0.000000 
192.314846 136 1340.051471 1009.911765 0.000000 
192.873663 150 1342.406667 1009.793333 0.000000 
192.759565 146 1342.006849 1009.904110 0.000000 
193.258894 159 1344.138365 1010.088050 0.000000 
193.313217 170 1346.064706 1009.911765 0.000000 
193.871736 191 1347.848168 1009.832461 0.000000 
193.758226 169 1347.023669 1009.928994 0.000000 
194.257561 172 1346.441860 1010.093023 0.000000 
194.311605 179 1347.407821 1009.932961 0.000000 
194.869828 201 1349.194030 1009.845771 0.000000 
194.756900 203 1349.458128 1009.931034 0.000000 
195.256242 196 1349.392857 1010.071429 0.000000 
195.310010 203 1350.571429 1009.926108 0.000000 
195.867940 228 1351.798246 1009.859649 0.000000 
195.755587 236 1352.974576 1009.949153 0.000000 
196.308431 249 1352.751004 1010.064257 0.000000 
196.308431 230 1352.317391 1009.947826 0.000000 
196.866071 260 1353.550000 1009.880769 0.000000 
196.807647 254 1353.492126 1009.944882 0.000000 
197.306868 289 1354.768166 1010.048443 0.000000 
197.365144 262 1354.675573 1009.942748 0.000000 
197.864221 276 1355.123188 1009.884058 0.000000 
197.806092 288 1356.079861 1009.958333 0.000000 
198.305320 288 1355.482639 1010.055556 0.000000 
198.305320 269 1354.579926 1009.955390 0.000000 
198.862390 263 1354.813688 1009.882129 0.000000 
198.751730 257 1354.762646 1009.945525 0.000000 
199.251098 234 1354.478632 1010.059829 0.000000 
199.303788 213 1354.220657 1009.929577 0.000000 
199.860576 206 1353.975728 1009.844660 0.000000 
199.750469 204 1355.416667 1009.941176 0.000000 
200.249844 194 1354.226804 1010.082474 0.000000 
200.302272 215 1355.418605 1009.944186 0.000000 
200.858781 179 1355.167598 1009.826816 0.000000 
200.749222 173 1356.606936 1009.919075 0.000000 
201.248602 172 1356.662791 1010.081395 0.000000 
201.300770 190 1359.473684 1009.921053 0.000000 
201.857004 172 1356.936047 1009.813953 0.000000 
201.747986 162 1357.660494 1009.925926 0.000000 
202.247373 158 1356.018987 1010.101266 0.000000 
202.299283 157 1356.732484 1009.923567 0.000000 
202.855244 167 1358.269461 1009.814371 0.000000 
202.746763 169 1358.727811 1009.917160 0.000000 
203.246156 163 1359.018405 1010.085890 0.000000 
203.297811 166 1360.843373 1009.909639 0.000000 
203.853501 161 1360.596273 1009.801242 0.000000 
203.745552 163 1362.392638 1009.926380 0.000000 
204.244951 166 1361.680723 1010.096386 0.000000 
204.296353 169 1362.633136 1009.928994 0.000000 
204.851776 174 1363.086207 1009.821839 0.000000 
204.795630 176 1363.477273 1009.920455 0.000000 
205.294910 179 1364.363128 1010.078212 0.000000 
205.294910 190 1365.652632 1009.921053 0.000000 
205.850067 181 1365.270718 1009.823204 0.000000 
205.794193 209 1367.454545 1009.942584 0.000000 
206.242576 175 1365.091429 1010.091429 0.000000 
206.293480 174 1366.080460 1009.931034 0.000000 
206.848374 174 1366.068966 1009.821839 0.000000 
206.741989 176 1366.215909 1009.920455 0.000000 
207.241405 175 1366.485714 1010.080000 0.000000 
207.292064 168 1367.595238 1009.910714 0.000000 
207.846698 172 1367.953488 1009.813953 0.000000 
207.740824 176 1369.448864 1009.931818 0.000000 
208.240246 159 1367.509434 1010.100629 0.000000 
208.290662 164 1368.939024 1009.926829 0.000000 
208.845038 158 1368.025316 1009.803797 0.000000 
208.739670 162 1368.506173 1009.913580 0.000000 
209.239098 156 1368.352564 1010.089744 0.000000 
209.289273 161 1370.341615 1009.906832 0.000000 
209.843394 166 1370.753012 1009.807229 0.000000 
209.738528 170 1372.276471 1009.929412 0.000000 
210.237960 171 1370.713450 1010.093567 0.000000 
210.287898 172 1371.860465 1009.930233 0.000000 
210.841765 165 1371.321212 1009.812121 0.000000 
210.737396 171 1372.204678 1009.918129 0.000000 
211.236834 166 1372.096386 1010.084337 0.000000 
211.286535 149 1373.013423 1009.899329 0.000000 
211.840152 142 1372.316901 1009.774648 0.000000 
211.736275 144 1374.784722 1009.916667 0.000000 
212.235718 140 1373.314286 1010.114286 0.000000 
212.285186 141 1373.907801 1009.914894 0.000000 
212.838554 139 1373.935252 1009.776978 0.000000 
212.735164 145 1375.358621 1009.903448 0.000000 
213.234613 138 1374.521739 1010.101449 0.000000 
213.283848 141 1376.120567 1009.893617 0.000000 
213.836971 135 1374.970370 1009.762963 0.000000 
213.734064 143 1377.846154 1009.916084 0.000000 
214.233517 140 1376.592857 1010.114286 0.000000 
214.282524 141 1377.113475 1009.914894 0.000000 
214.835402 139 1377.172662 1009.776978 0.000000 
214.732974 143 1378.314685 1009.902098 0.000000 
215.232433 139 1378.057554 1010.100719 0.000000 
215.281211 146 1380.452055 1009.897260 0.000000 
215.833848 141 1379.617021 1009.773050 0.000000 
215.731894 143 1381.048951 1009.916084 0.000000 
216.231358 134 1378.276119 1010.119403 0.000000 
216.279911 137 1379.481752 1009.912409 0.000000 
216.832308 138 1380.268116 1009.775362 0.000000 
216.730824 138 1380.376812 1009.898551 0.000000 
217.230293 137 1380.839416 1010.102190 0.000000 
217.278623 146 1383.767123 1009.897260 0.000000 
217.830783 137 1381.854015 1009.766423 0.000000 
217.729764 141 1383.900709 1009.914894 0.000000 
218.229237 131 1380.664122 1010.122137 0.000000 
218.277347 136 1382.441176 1009.911765 0.000000 
218.829271 138 1383.536232 1009.775362 0.000000 
218.728713 138 1383.565217 1009.898551 0.000000 
219.228192 137 1384.065693 1010.102190 0.000000 
219.276082 144 1386.680556 1009.895833 0.000000 
219.827773 138 1385.420290 1009.768116 0.000000 
219.727672 146 1388.376712 1009.917808 0.000000 
220.227155 137 1385.605839 1010.116788 0.000000 
220.274828 136 1385.602941 1009.911765 0.000000 
220.826289 132 1384.954545 1009.765152 0.000000 
220.726641 134 1385.731343 1009.895522 0.000000 
221.226129 136 1387.110294 1010.102941 0.000000 
221.273586 139 1388.625899 1009.892086 0.000000 
221.824818 136 1388.125000 1009.764706 0.000000 
221.725619 146 1391.691781 1009.917808 0.000000 
222.225111 133 1387.609023 1010.120301 0.000000 
222.272355 134 1388.283582 1009.910448 0.000000 
222.823361 129 1387.193798 1009.759690 0.000000 
222.724606 133 1388.624060 1009.894737 0.000000 
223.224103 136 1390.367647 1010.102941 0.000000 
223.271136 139 1391.820144 1009.892086 0.000000 
223.821916 136 1391.345588 1009.764706 0.000000 
223.723602 144 1394.548611 1009.916667 0.000000 
224.223103 134 1391.208955 1010.119403 0.000000 
224.269927 139 1393.057554 1009.913669 0.000000 
224.820484 135 1392.392593 1009.770370 0.000000 
224.722607 133 1391.766917 1009.894737 0.000000 
225.222113 130 1391.507692 1010.107692 0.000000 
225.268728 135 1393.888889 1009.888889 0.000000 
225.819065 135 1394.348148 1009.762963 0.000000 
225.721621 139 1396.345324 1009.913669 0.000000 
226.221131 132 1393.780303 1010.121212 0.000000 
226.267541 139 1396.338129 1009.913669 0.000000 
226.817658 131 1394.206107 1009.763359 0.000000 
226.720643 131 1394.328244 1009.893130 0.000000 
227.220158 127 1393.590551 1010.110236 0.000000 
227.266364 134 1396.761194 1009.888060 0.000000 
227.816264 135 1397.600000 1009.762963 0.000000 
227.719674 139 1399.539568 1009.913669 0.000000 
228.219193 132 1396.977273 1010.121212 0.000000 
228.265197 137 1399.029197 1009.912409 0.000000 
228.814882 132 1397.840909 1009.765152 0.000000 
228.718714 136 1399.338235 1009.897059 0.000000 
229.218237 133 1399.060150 1010.105263 0.000000 
229.264040 134 1399.910448 1009.888060 0.000000 
229.813511 129 1398.496124 1009.751938 0.000000 
229.717762 135 1401.481481 1009.911111 0.000000 
230.217289 131 1399.900763 1010.122137 0.000000 
230.262893 132 1400.424242 1009.909091 0.000000 
230.812153 130 1400.307692 1009.761538 0.000000 
230.716818 136 1402.602941 1009.897059 0.000000 
231.216349 129 1400.674419 1010.108527 0.000000 
231.261756 132 1402.424242 1009.886364 0.000000 
231.810806 126 1400.444444 1009.746032 0.000000 
231.715882 134 1404.320896 1009.910448 0.000000 
232.215417 131 1403.129771 1010.122137 0.000000 
232.260629 132 1403.575758 1009.909091 0.000000 
232.809471 130 1403.492308 1009.761538 0.000000 
232.714954 134 1405.179104 1009.895522 0.000000 
233.214494 130 1404.346154 1010.107692 0.000000 
233.259512 137 1407.569343 1009.890511 0.000000 
233.808148 132 1406.159091 1009.757576 0.000000 
233.714035 134 1407.470149 1009.910448 0.000000 
234.213578 125 1403.616000 1010.128000 0.000000 
234.258404 128 1405.156250 1009.906250 0.000000 
234.806836 129 1406.356589 1009.759690 0.000000 
234.713123 129 1406.286822 1009.891473 0.000000 
235.212670 128 1406.703125 1010.109375 0.000000 
235.257306 137 1410.839416 1009.890511 0.000000 
235.805534 128 1407.601563 1009.750000 0.000000 
235.712219 132 1409.916667 1009.909091 0.000000 
236.211769 122 1405.327869 1010.131148 0.000000 
236.256217 127 1407.866142 1009.905512 0.000000 
236.804244 129 1409.573643 1009.759690 0.000000 
236.711322 129 1409.418605 1009.891473 0.000000 
237.210877 128 1409.875000 1010.109375 0.000000 
237.255137 135 1413.370370 1009.888889 0.000000 
237.802965 129 1411.310078 1009.751938 0.000000 
237.710433 137 1415.226277 1009.912409 0.000000 
238.209991 128 1411.429688 1010.125000 0.000000 
238.254066 127 1410.968504 1009.905512 0.000000 
238.801696 123 1409.731707 1009.747967 0.000000 
238.709552 125 1410.744000 1009.888000 0.000000 
239.209114 127 1412.677165 1010.110236 0.000000 
239.253004 130 1414.353846 1009.884615 0.000000 
239.800438 127 1413.574803 1009.748031 0.000000 
239.708677 137 1418.496350 1009.912409 0.000000 
240.208243 123 1411.967480 1010.130081 0.000000 
240.251951 125 1413.200000 1009.904000 0.000000 
240.799190 118 1409.991525 1009.737288 0.000000 
240.707810 132 1417.742424 1009.893939 0.000000 
241.207380 117 1409.854701 1010.119658 0.000000 
241.250907 123 1413.536585 1009.878049 0.000000 
241.797953 122 1413.614754 1009.737705 0.000000 
241.706951 132 1419.174242 1009.901515 0.000000 
242.206523 123 1414.430894 1010.146341 0.000000 
242.249871 132 1419.030303 1009.954545 0.000000 
242.796726 130 1418.584615 1009.807692 0.000000 
242.706098 129 1417.744186 1009.906977 0.000000 
243.205674 124 1415.895161 1010.112903 0.000000 
243.248844 133 1420.646617 1009.887218 0.000000 
243.795509 132 1420.696970 1009.757576 0.000000 
243.705252 144 1426.222222 1009.916667 0.000000 
244.204832 141 1424.971631 1010.113475 0.000000 
244.247825 144 1426.104167 1009.916667 0.000000 
244.794301 158 1431.639241 1009.803797 0.000000 
244.704414 138 1424.108696 1009.898551 0.000000 
245.203997 147 1428.190476 1010.095238 0.000000 
245.246814 146 1428.226027 1009.897260 0.000000 
245.793104 143 1427.139860 1009.776224 0.000000 
245.703582 139 1425.863309 1009.913669 0.000000 
246.203168 142 1426.661972 1010.112676 0.000000 
246.245812 139 1425.784173 1009.913669 0.000000 
246.791916 145 1428.510345 1009.786207 0.000000 
246.702756 147 1429.129252 1009.904762 0.000000 
247.202346 138 1426.673913 1010.101449 0.000000 
247.244818 141 1428.567376 1009.893617 0.000000 
247.790738 142 1429.112676 1009.774648 0.000000 
247.701938 148 1431.945946 1009.918919 0.000000 
248.201531 133 1426.112782 1010.120301 0.000000 
248.243832 138 1428.152174 1009.913043 0.000000 
248.789570 128 1424.507813 1009.757813 0.000000 
248.701126 130 1425.453846 1009.892308 0.000000 
249.200722 131 1426.732824 1010.106870 0.000000 
249.242853 134 1428.604478 1009.888060 0.000000 
249.788410 127 1425.818898 1009.748031 0.000000 
249.700320 127 1426.763780 1009.905512 0.000000 
250.199920 120 1422.816667 1010.133333 0.000000 
250.241883 127 1426.393701 1009.905512 0.000000 
250.787260 123 1425.024390 1009.747967 0.000000 
250.699521 127 1426.913386 1009.889764 0.000000 
251.199124 128 1427.992188 1010.109375 0.000000 
251.240920 135 1431.614815 1009.888889 0.000000 
251.786120 136 1432.117647 1009.764706 0.000000 
251.698729 140 1434.600000 1009.914286 0.000000 
252.198335 143 1434.776224 1010.111888 0.000000 
252.239965 144 1435.465278 1009.916667 0.000000 
252.784988 158 1439.879747 1009.803797 0.000000 
252.697942 154 1438.915584 1009.909091 0.000000 
253.197551 167 1442.742515 1010.083832 0.000000 
253.239018 178 1445.904494 1009.915730 0.000000 
253.783865 199 1449.743719 1009.839196 0.000000 
253.697162 177 1446.706215 1009.932203 0.000000 
254.196774 180 1446.488889 1010.088889 0.000000 
254.238077 187 1448.160428 1009.935829 0.000000 
254.782751 209 1451.904306 1009.851675 0.000000 
254.696388 211 1452.322275 1009.933649 0.000000 
255.196003 204 1451.671569 1010.068627 0.000000 
255.237145 211 1453.393365 1009.928910 0.000000 
255.781645 236 1456.398305 1009.864407 0.000000 
255.695620 244 1458.040984 1009.950820 0.000000 
256.236219 257 1458.579767 1010.062257 0.000000 
256.236219 238 1457.029412 1009.949580 0.000000 
256.780548 268 1459.936567 1009.884328 0.000000 
256.735759 262 1459.568702 1009.946565 0.000000 
257.235301 297 1462.451178 1010.047138 0.000000 
257.280003 270 1461.129630 1009.944444 0.000000 
257.779460 284 1462.232394 1009.887324 0.000000 
257.734844 296 1463.685811 1009.959459 0.000000 
258.234390 296 1463.104730 1010.054054 0.000000 
258.234390 277 1461.379061 1009.956679 0.000000 
258.778380 271 1461.313653 1009.885609 0.000000 
258.693351 265 1460.958491 1009.947170 0.000000 
259.192978 242 1459.371901 1010.057851 0.000000 
259.233485 221 1457.687783 1009.932127 0.000000 
259.777308 214 1456.911215 1009.850467 0.000000 
259.692607 212 1458.136792 1009.943396 0.000000 
260.192237 202 1456.138614 1010.079208 0.000000 
260.232588 223 1458.991031 1009.946188 0.000000 
260.776245 187 1455.588235 1009.834225 0.000000 
260.691868 181 1456.314917 1009.922652 0.000000 
261.191501 180 1456.255556 1010.077778 0.000000 
261.231698 198 1460.808081 1009.924242 0.000000 
261.775190 180 1456.516667 1009.822222 0.000000 
261.691135 170 1456.005882 1009.929412 0.000000 
262.190770 166 1453.921687 1010.096386 0.000000 
262.230814 165 1454.466667 1009.927273 0.000000 
262.774143 175 1457.205714 1009.822857 0.000000 
262.690407 177 1457.881356 1009.920904 0.000000 
263.190045 171 1457.426901 1010.081871 0.000000 
263.229938 174 1459.540230 1009.913793 0.000000 
263.773103 169 1458.674556 1009.810651 0.000000 
263.689685 171 1460.643275 1009.929825 0.000000 
264.189326 174 1460.339080 1010.091954 0.000000 
264.229067 177 1461.610169 1009.932203 0.000000 
264.772072 182 1462.620879 1009.829670 0.000000 
264.728635 184 1463.217391 1009.923913 0.000000 
265.228204 187 1464.390374 1010.074866 0.000000 
265.228204 198 1466.737374 1009.924242 0.000000 
265.771048 189 1465.470899 1009.830688 0.000000 
265.727774 217 1470.129032 1009.944700 0.000000 
266.187904 183 1464.650273 1010.087432 0.000000 
266.227346 182 1465.483516 1009.934066 0.000000 
266.770032 182 1465.472527 1009.829670 0.000000 
266.687551 184 1465.836957 1009.923913 0.000000 
267.187200 183 1465.983607 1010.076503 0.000000 
267.226496 176 1466.227273 1009.914773 0.000000 
267.769024 180 1467.044444 1009.822222 0.000000 
267.686851 184 1468.929348 1009.934783 0.000000 
268.186502 167 1464.994012 1010.095808 0.000000 
268.225651 172 1467.011628 1009.930233 0.000000 
268.768023 166 1465.349398 1009.813253 0.000000 
268.686155 170 1466.341176 1009.917647 0.000000 
269.185809 164 1465.384146 1010.085366 0.000000 
269.224813 169 1467.958580 1009.911243 0.000000 
269.767029 174 1468.994253 1009.816092 0.000000 
269.685465 178 1470.938202 1009.932584 0.000000 
270.185122 179 1469.564246 1010.089385 0.000000 
270.223981 180 1470.777778 1009.933333 0.000000 
270.766043 173 1469.410405 1009.820809 0.000000 
270.684780 179 1470.988827 1009.921788 0.000000 
271.184439 174 1470.275862 1010.080460 0.000000 
271.223155 157 1468.783439 1009.904459 0.000000 
271.765064 150 1466.993333 1009.786667 0.000000 
271.684100 152 1469.664474 1009.921053 0.000000 
272.183761 148 1467.594595 1010.108108 0.000000 
272.222336 149 1468.328859 1009.919463 0.000000 
272.764092 147 1468.006803 1009.789116 0.000000 
272.683425 153 1470.372549 1009.908497 0.000000 
273.183089 146 1468.383562 1010.095890 0.000000 
273.221522 149 1470.422819 1009.899329 0.000000 
273.763128 143 1468.258741 1009.776224 0.000000 
273.682754 151 1472.397351 1009.920530 0.000000 
274.182421 148 1470.695946 1010.108108 0.000000 
274.220714 149 1471.362416 1009.919463 0.000000 
274.762170 147 1471.068027 1009.789116 0.000000 
274.682089 151 1472.841060 1009.907285 0.000000 
275.181758 147 1471.904762 1010.095238 0.000000 
275.219912 154 1475.363636 1009.902597 0.000000 
275.761219 149 1473.731544 1009.785235 0.000000 
275.681428 151 1475.430464 1009.920530 0.000000 
276.181100 142 1471.190141 1010.112676 0.000000 
276.219116 145 1472.889655 1009.917241 0.000000 
276.760275 146 1473.815068 1009.787671 0.000000 
276.680773 146 1473.917808 1009.904110 0.000000 
277.180447 145 1474.172414 1010.096552 0.000000 
277.218326 154 1478.506494 1009.902597 0.000000 
277.759338 145 1475.131034 1009.779310 0.000000 
277.680122 149 1477.785235 1009.919463 0.000000 
278.179798 139 1472.856115 1010.115108 0.000000 
278.217541 144 1475.500000 1009.916667 0.000000 
278.758408 146 1476.904110 1009.787671 0.000000 
278.679475 146 1476.931507 1009.904110 0.000000 
279.179154 145 1477.220690 1010.096552 0.000000 
279.216762 152 1480.934211 1009.901316 0.000000 
279.757484 146 1478.684932 1009.780822 0.000000 
279.678834 154 1482.876623 1009.922078 0.000000 
280.178515 145 1478.675862 1010.110345 0.000000 
280.215988 144 1478.486111 1009.916667 0.000000 
280.756567 140 1477.100000 1009.778571 0.000000 
280.678197 142 1478.225352 1009.901408 0.000000 
281.177880 144 1479.909722 1010.097222 0.000000 
281.215220 147 1481.897959 1009.897959 0.000000 
281.755657 144 1480.868056 1009.777778 0.000000 
281.677564 154 1486.019481 1009.922078 0.000000 
282.177249 141 1479.801418 1010.113475 0.000000 
282.214457 142 1480.633803 1009.915493 0.000000 
282.754752 137 1478.598540 1009.773723 0.000000 
282.676936 141 1480.758865 1009.900709 0.000000 
283.176623 144 1482.986111 1010.097222 0.000000 
283.213700 147 1484.918367 1009.897959 0.000000 
283.753855 144 1483.909722 1009.777778 0.000000 
283.676312 152 1488.388158 1009.921053 0.000000 
284.176002 142 1483.394366 1010.112676 0.000000 
284.212948 147 1486.088435 1009.918367 0.000000 
284.752963 143 1484.706294 1009.783217 0.000000 
284.675693 141 1483.723404 1009.900709 0.000000 
285.175385 138 1482.869565 1010.101449 0.000000 
285.212202 143 1486.118881 1009.895105 0.000000 
285.752078 143 1486.552448 1009.776224 0.000000 
285.675078 147 1489.197279 1009.918367 0.000000 
286.174772 140 1485.421429 1010.114286 0.000000 
286.211460 147 1489.190476 1009.918367 0.000000 
286.751199 139 1485.618705 1009.776978 0.000000 
286.674467 139 1485.733813 1009.899281 0.000000 
287.174163 135 1484.192593 1010.103704 0.000000 
287.210724 142 1488.633803 1009.894366 0.000000 
287.750326 143 1489.622378 1009.776224 0.000000 
287.673860 147 1492.217687 1009.918367 0.000000 
288.173559 140 1488.435714 1010.114286 0.000000 
288.209993 145 1491.358621 1009.917241 0.000000 
288.749459 140 1489.250000 1009.778571 0.000000 
288.673258 144 1491.458333 1009.902778 0.000000 
289.172959 141 1490.602837 1010.099291 0.000000 
289.209267 142 1491.605634 1009.894366 0.000000 
289.748598 137 1489.240876 1009.766423 0.000000 
289.672660 143 1493.286713 1009.916084 0.000000 
290.172363 139 1490.985612 1010.115108 0.000000 
290.208546 140 1491.685714 1009.914286 0.000000 
290.747743 138 1491.159420 1009.775362 0.000000 
290.672066 144 1494.541667 1009.902778 0.000000 
291.171771 137 1491.291971 1010.102190 0.000000 
291.207830 140 1493.571429 1009.892857 0.000000 
291.746894 134 1490.417910 1009.761194 0.000000 
291.671476 142 1495.767606 1009.915493 0.000000 
292.171183 139 1494.028777 1010.115108 0.000000 
292.207118 140 1494.657143 1009.914286 0.000000 
292.746050 138 1494.159420 1009.775362 0.000000 
292.670890 142 1496.577465 1009.901408 0.000000 
293.170599 138 1494.963768 1010.101449 0.000000 
293.206412 145 1499.427586 1009.896552 0.000000 
293.745213 140 1497.092857 1009.771429 0.000000 
293.670308 142 1498.739437 1009.915493 0.000000 
294.170019 133 1493.172932 1010.120301 0.000000 
294.205710 136 1495.294118 1009.911765 0.000000 
294.744381 137 1496.642336 1009.773723 0.000000 
294.669730 137 1496.576642 1009.897810 0.000000 
295.169443 136 1496.750000 1010.102941 0.000000 
295.205014 145 1502.517241 1009.896552 0.000000 
295.743554 136 1497.595588 1009.764706 0.000000 
295.669156 140 1500.635714 1009.914286 0.000000 
296.168871 130 1494.076923 1010.123077 0.000000 
296.204321 135 1497.622222 1009.911111 0.000000 
296.742734 137 1499.671533 1009.773723 0.000000 
296.668586 137 1499.525547 1009.897810 0.000000 
297.168302 136 1499.735294 1010.102941 0.000000 
297.203634 143 1504.510490 1009.895105 0.000000 
297.741918 137 1501.306569 1009.766423 0.000000 
297.668020 145 1506.662069 1009.917241 0.000000 
298.167738 136 1501.198529 1010.117647 0.000000 
298.202951 135 1500.540741 1009.911111 0.000000 
298.741109 131 1498.450382 1009.763359 0.000000 
298.667457 133 1499.872180 1009.894737 0.000000 
299.167177 135 1502.148148 1010.103704 0.000000 
299.202273 138 1504.391304 1009.891304 0.000000 
299.740304 135 1502.992593 1009.762963 0.000000 
299.666898 145 1509.751724 1009.917241 0.000000 
300.166620 131 1500.549618 1010.122137 0.000000 
300.201599 133 1502.180451 1009.909774 0.000000 
300.739505 126 1497.452381 1009.753968 0.000000 
300.666343 140 1508.014286 1009.900000 0.000000 
301.166067 125 1497.064000 1010.112000 0.000000 
301.200930 131 1502.022901 1009.885496 0.000000 
301.738711 130 1501.853846 1009.753846 0.000000 
301.665792 140 1509.364286 1009.907143 0.000000 
302.165518 131 1502.862595 1010.137405 0.000000 
302.200265 140 1509.228571 1009.957143 0.000000 
302.737923 138 1508.376812 1009.818841 0.000000 
302.665244 137 1507.364964 1009.912409 0.000000 
303.164972 132 1504.477273 1010.106061 0.000000 
303.199604 141 1510.964539 1009.893617 0.000000 
303.737140 140 1510.800000 1009.771429 0.000000 
303.664700 152 1518.394737 1009.921053 0.000000 
304.164429 149 1516.651007 1010.107383 0.000000 
304.198948 152 1518.282895 1009.921053 0.000000 
304.736361 166 1525.897590 1009.813253 0.000000 
304.664159 146 1515.253425 1009.904110 0.000000 
305.163890 155 1520.800000 1010.090323 0.000000 
305.198296 154 1520.655844 1009.902597 0.000000 
305.735588 151 1519.079470 1009.788079 0.000000 
305.663622 147 1517.108844 1009.918367 0.000000 
306.163355 150 1518.440000 1010.106667 0.000000 
306.197649 147 1517.034014 1009.918367 0.000000 
306.734820 153 1520.745098 1009.797386 0.000000 
306.663089 155 1521.690323 1009.909677 0.000000 
307.162823 146 1517.678082 1010.095890 0.000000 
307.197005 149 1520.053691 1009.899329 0.000000 
307.734057 150 1520.760000 1009.786667 0.000000 
307.662559 156 1524.538462 1009.923077 0.000000 
308.162295 141 1516.120567 1010.113475 0.000000 
308.196366 146 1519.075342 1009.917808 0.000000 
308.733299 136 1513.507353 1009.772059 0.000000 
308.662032 138 1514.847826 1009.898551 0.000000 
309.161770 139 1516.273381 1010.100719 0.000000 
309.195731 142 1518.683099 1009.894366 0.000000 
309.732546 135 1514.511111 1009.762963 0.000000 
309.661509 135 1515.400000 1009.911111 0.000000 
310.161248 128 1509.984375 1010.125000 0.000000 
310.195100 135 1515.051852 1009.911111 0.000000 
310.731798 131 1512.809160 1009.763359 0.000000 
310.660989 135 1515.540741 1009.896296 0.000000 
311.160730 136 1516.786765 1010.102941 0.000000 
311.194473 143 1521.734266 1009.895105 0.000000 
311.731054 144 1522.416667 1009.777778 0.000000 
311.660472 148 1525.567568 1009.918919 0.000000 
312.160215 151 1526.311258 1010.105960 0.000000 
312.193850 152 1527.151316 1009.921053 0.000000 
312.730315 166 1533.740964 1009.813253 0.000000 
312.659959 162 1532.179012 1009.913580 0.000000 
313.159704 175 1537.817143 1010.080000 0.000000 
313.193231 186 1542.317204 1009.919355 0.000000 
313.729581 207 1548.400966 1009.845411 0.000000 
313.659449 185 1542.956757 1009.935135 0.000000 
314.159195 188 1543.127660 1010.085106 0.000000 
314.192616 195 1545.569231 1009.938462 0.000000 
314.728852 217 1551.465438 1009.857143 0.000000 
314.658942 219 1552.054795 1009.936073 0.000000 
315.158690 212 1550.759434 1010.066038 0.000000 
315.192005 219 1553.086758 1009.931507 0.000000 
315.728127 244 1558.073770 1009.868852 0.000000 
315.658439 252 1560.246032 1009.952381 0.000000 
316.191398 265 1561.641509 1010.060377 0.000000 
316.191398 246 1558.833333 1009.951220 0.000000 
316.727406 276 1563.634058 1009.887681 0.000000 
316.691096 270 1562.914815 1009.948148 0.000000 
317.190794 305 1567.632787 1010.045902 0.000000 
317.227048 278 1564.910072 1009.946043 0.000000 
317.726691 292 1566.760274 1009.890411 0.000000 
317.690494 304 1568.786184 1009.960526 0.000000 
318.190195 304 1568.220395 1010.052632 0.000000 
318.190195 285 1565.550877 1009.957895 0.000000 
318.725979 279 1565.146953 1009.888889 0.000000 
318.656947 273 1564.446886 1009.948718 0.000000 
319.156701 250 1561.392000 1010.056000 0.000000 
319.189599 229 1558.117904 1009.934498 0.000000 
319.725273 222 1556.752252 1009.855856 0.000000 
319.656456 220 1557.750000 1009.945455 0.000000 
320.156212 210 1554.857143 1010.076190 0.000000 
320.189007 231 1559.545455 1009.948052 0.000000 
320.724570 195 1552.692308 1009.841026 0.000000 
320.655968 189 1552.661376 1009.925926 0.000000 
321.155725 188 1552.478723 1010.074468 0.000000 
321.188418 206 1558.932039 1009.927184 0.000000 
321.723872 188 1552.728723 1009.829787 0.000000 
321.655483 178 1550.904494 1009.932584 0.000000 
322.155242 174 1548.339080 1010.091954 0.000000 
322.187833 173 1548.710983 1009.930636 0.000000 
322.723179 183 1552.737705 1009.830601 0.000000 
322.655002 185 1553.648649 1009.924324 0.000000 
323.154762 179 1552.402235 1010.078212 0.000000 
323.187252 182 1554.835165 1009.917582 0.000000 
323.722489 177 1553.310734 1009.819209 0.000000 
323.654523 179 1555.474860 1009.932961 0.000000 
324.154284 182 1555.598901 1010.087912 0.000000 
324.186675 185 1557.216216 1009.935135 0.000000 
324.721804 190 1558.826316 1009.836842 0.000000 
324.686387 192 1559.645833 1009.927083 0.000000 
325.186101 195 1561.133333 1010.071795 0.000000 
325.186101 206 1564.631068 1009.927184 0.000000 
325.721123 197 1562.406091 1009.837563 0.000000 
325.685815 225 1569.768889 1009.946667 0.000000 
326.153338 191 1560.895288 1010.083770 0.000000 
326.185530 190 1561.568421 1009.936842 0.000000 
326.720446 190 1561.557895 1009.836842 0.000000 
326.653103 192 1562.156250 1009.927083 0.000000 
327.152869 191 1562.172775 1010.073298 0.000000 
327.184963 184 1561.500000 1009.918478 0.000000 
327.719774 188 1562.808511 1009.829787 0.000000 
327.652636 192 1565.119792 1009.937500 0.000000 
328.152404 175 1559.051429 1010.091429 0.000000 
328.184399 180 1561.700000 1009.933333 0.000000 
328.719105 174 1559.241379 1009.821839 0.000000 
328.652172 178 1560.775281 1009.921348 0.000000 
329.151941 172 1558.970930 1010.081395 0.000000 
329.183839 177 1562.175141 1009.915254 0.000000 
329.718440 182 1563.873626 1009.824176 0.000000 
329.651710 186 1566.274194 1009.935484 0.000000 
330.151480 187 1565.090909 1010.085561 0.000000 
330.183282 188 1566.382979 1009.936170 0.000000 
330.717780 181 1564.132597 1009.828729 0.000000 
330.651251 187 1566.454545 1009.925134 0.000000 
331.151023 182 1565.098901 1010.076923 0.000000 
331.182729 165 1561.084848 1009.909091 0.000000 
331.717123 158 1558.158228 1009.797468 0.000000 
331.650795 160 1561.056250 1009.925000 0.000000 
332.150568 156 1558.358974 1010.102564 0.000000 
332.182179 157 1559.242038 1009.923567 0.000000 
332.716471 155 1558.561290 1009.800000 0.000000 
332.650342 161 1561.906832 1009.913043 0.000000 
333.150116 154 1558.727273 1010.090909 0.000000 
333.181632 157 1561.229299 1009.904459 0.000000 
333.715822 151 1558.019868 1009.788079 0.000000 
333.649891 159 1563.471698 1009.924528 0.000000 
334.149667 156 1561.301282 1010.102564 0.000000 
334.181089 157 1562.121019 1009.923567 0.000000 
334.715177 155 1561.464516 1009.800000 0.000000 
334.649443 159 1563.893082 1009.911950 0.000000 
335.149220 155 1562.258065 1010.090323 0.000000 
335.180548 162 1566.827160 1009.907407 0.000000 
335.714536 157 1564.369427 1009.796178 0.000000 
335.648998 159 1566.352201 1009.924528 0.000000 
336.148777 150 1560.593333 1010.106667 0.000000 
336.180011 153 1562.803922 1009.921569 0.000000 
336.713899 154 1563.876623 1009.798701 0.000000 
336.648556 154 1563.974026 1009.909091 0.000000 
337.148335 153 1564.019608 1010.091503 0.000000 
337.179477 162 1569.814815 1009.907407 0.000000 
337.713266 153 1564.928105 1009.790850 0.000000 
337.648116 157 1568.216561 1009.923567 0.000000 
338.147897 147 1561.544218 1010.108844 0.000000 
338.178947 152 1565.078947 1009.921053 0.000000 
338.712636 154 1566.805195 1009.798701 0.000000 
338.647678 154 1566.831169 1009.909091 0.000000 
339.147461 153 1566.908497 1010.091503 0.000000 
339.178419 160 1571.762500 1009.906250 0.000000 
339.712010 154 1568.493506 1009.792208 0.000000 
339.647243 162 1573.969136 1009.925926 0.000000 
340.147027 153 1568.287582 1010.104575 0.000000 
340.177895 152 1567.907895 1009.921053 0.000000 
340.711388 148 1565.770270 1009.790541 0.000000 
340.646811 150 1567.253333 1009.906667 0.000000 
341.146596 152 1569.256579 1010.092105 0.000000 
341.177373 155 1571.735484 1009.903226 0.000000 
341.710770 152 1570.164474 1009.789474 0.000000 
341.646382 162 1576.956790 1009.925926 0.000000 
342.146168 149 1568.536913 1010.107383 0.000000 
342.176855 150 1569.533333 1009.920000 0.000000 
342.710155 145 1566.537931 1009.786207 0.000000 
342.645954 149 1569.442953 1009.906040 0.000000 
343.145742 152 1572.171053 1010.092105 0.000000 
343.176340 155 1574.600000 1009.903226 0.000000 
343.709543 152 1573.046053 1009.789474 0.000000 
343.645530 160 1578.843750 1009.925000 0.000000 
344.145318 150 1572.146667 1010.106667 0.000000 
344.175827 155 1575.709677 1009.922581 0.000000 
344.708935 151 1573.596026 1009.794702 0.000000 
344.645107 149 1572.248322 1009.906040 0.000000 
345.144897 146 1570.794521 1010.095890 0.000000 
345.175318 151 1574.933775 1009.900662 0.000000 
345.708331 151 1575.344371 1009.788079 0.000000 
345.644688 155 1578.658065 1009.922581 0.000000 
346.144479 148 1573.641892 1010.108108 0.000000 
346.174811 155 1578.651613 1009.922581 0.000000 
346.707730 147 1573.612245 1009.789116 0.000000 
346.644270 147 1573.721088 1009.904762 0.000000 
347.144062 143 1571.370629 1010.097902 0.000000 
347.174308 150 1577.106667 1009.900000 0.000000 
347.707133 151 1578.251656 1009.788079 0.000000 
347.643855 155 1581.522581 1009.922581 0.000000 
348.143649 148 1576.493243 1010.108108 0.000000 
348.173807 153 1580.307190 1009.921569 0.000000 
348.706539 148 1577.263514 1009.790541 0.000000 
348.643443 152 1580.197368 1009.907895 0.000000 
349.143237 149 1578.758389 1010.093960 0.000000 
349.173309 150 1579.920000 1009.900000 0.000000 
349.705948 145 1576.593103 1009.779310 0.000000 
349.643032 151 1581.721854 1009.920530 0.000000 
350.142828 147 1578.687075 1010.108844 0.000000 
350.172814 148 1579.567568 1009.918919 0.000000 
350.705361 146 1578.630137 1009.787671 0.000000 
350.642624 152 1583.118421 1009.907895 0.000000 
351.142421 145 1578.531034 1010.096552 0.000000 
351.172322 148 1581.351351 1009.898649 0.000000 
351.704777 142 1577.014085 1009.774648 0.000000 
351.642219 150 1583.860000 1009.920000 0.000000 
352.142017 147 1581.564626 1010.108844 0.000000 
352.171833 148 1582.378378 1009.918919 0.000000 
352.704196 146 1581.465753 1009.787671 0.000000 
352.641815 150 1584.626667 1009.906667 0.000000 
353.141615 146 1582.226027 1010.095890 0.000000 
353.171347 153 1587.954248 1009.901961 0.000000 
353.703619 148 1584.682432 1009.783784 0.000000 
353.641414 150 1586.673333 1009.920000 0.000000 
354.141215 141 1579.375887 1010.113475 0.000000 
354.170863 144 1582.083333 1009.916667 0.000000 
354.703045 145 1583.586207 1009.786207 0.000000 
354.641016 145 1583.524138 1009.903448 0.000000 
355.140817 144 1583.458333 1010.097222 0.000000 
355.170382 153 1590.882353 1009.901961 0.000000 
355.702474 144 1584.256944 1009.777778 0.000000 
355.640619 148 1588.033784 1009.918919 0.000000 
356.140422 138 1579.492754 1010.115942 0.000000 
356.169903 143 1584.048951 1009.916084 0.000000 
356.701906 145 1586.448276 1009.786207 0.000000 
356.640225 145 1586.310345 1009.903448 0.000000 
357.140029 144 1586.277778 1010.097222 0.000000 
357.169428 151 1592.350993 1009.900662 0.000000 
357.701342 145 1587.993103 1009.779310 0.000000 
357.639833 153 1594.810458 1009.921569 0.000000 
358.139638 144 1587.659722 1010.111111 0.000000 
358.168955 143 1586.804196 1009.916084 0.000000 
358.700781 139 1583.863309 1009.776978 0.000000 
358.639443 141 1585.695035 1009.900709 0.000000 
359.139249 143 1588.321678 1010.097902 0.000000 
359.168484 146 1591.136986 1009.897260 0.000000 
359.700222 143 1589.118881 1009.776224 0.000000 
359.639055 153 1597.738562 1009.921569 0.000000 
360.138862 139 1585.841727 1010.115108 0.000000 
360.168016 141 1587.872340 1009.914894 0.000000 
360.699667 134 1581.634328 1009.768657 0.000000 
360.638670 148 1595.013514 1009.905405 0.000000 
361.138478 133 1581.000000 1010.105263 0.000000 
361.167551 139 1587.230216 1009.892086 0.000000 
361.699115 138 1586.818841 1009.768116 0.000000 
361.638286 148 1596.290541 1009.912162 0.000000 
362.138095 139 1588.021583 1010.129496 0.000000 
362.167089 148 1596.162162 1009.959459 0.000000 
362.698566 146 1594.904110 1009.828767 0.000000 
362.637905 145 1593.717241 1009.917241 0.000000 
363.137715 140 1589.792857 1010.100000 0.000000 
363.166628 149 1598.026846 1009.899329 0.000000 
363.698020 148 1597.648649 1009.783784 0.000000 
363.637526 160 1607.350000 1009.925000 0.000000 
364.137337 157 1605.101911 1010.101911 0.000000 
364.166171 160 1607.243750 1009.925000 0.000000 
364.697477 174 1617.005747 1009.821839 0.000000 
364.637148 154 1603.162338 1009.909091 0.000000 
365.136961 163 1610.208589 1010.085890 0.000000 
365.165716 162 1609.882716 1009.907407 0.000000 
365.696937 159 1607.805031 1009.798742 0.000000 
365.636773 155 1605.129032 1009.922581 0.000000 
366.136587 158 1607.000000 1010.101266 0.000000 
366.165263 155 1605.058065 1009.922581 0.000000 
366.696400 161 1609.776398 1009.807453 0.000000 
366.636400 163 1611.055215 1009.914110 0.000000 
367.136215 154 1605.461039 1010.090909 0.000000 
367.164813 157 1608.331210 1009.904459 0.000000 
367.695866 158 1609.202532 1009.797468 0.000000 
367.636029 164 1613.951220 1009.926829 0.000000 
368.135844 149 1602.906040 1010.107383 0.000000 
368.164365 154 1606.785714 1009.922078 0.000000 
368.695335 144 1599.284722 1009.784722 0.000000 
368.635660 146 1601.020548 1009.904110 0.000000 
369.135476 147 1602.598639 1010.095238 0.000000 
369.163920 150 1605.553333 1009.900000 0.000000 
369.694807 143 1599.993007 1009.776224 0.000000 
369.635293 143 1600.832168 1009.916084 0.000000 
370.135110 136 1593.955882 1010.117647 0.000000 
370.163477 143 1600.503497 1009.916084 0.000000 
370.694281 139 1597.395683 1009.776978 0.000000 
370.634928 143 1600.965035 1009.902098 0.000000 
371.134746 144 1602.381944 1010.097222 0.000000 
371.163037 151 1608.662252 1009.900662 0.000000 
371.693758 152 1609.526316 1009.789474 0.000000 
371.634565 156 1613.358974 1009.923077 0.000000 
372.134384 159 1614.672956 1010.100629 0.000000 
372.162599 160 1615.668750 1009.925000 0.000000 
372.693238 174 1624.488506 1009.821839 0.000000 
372.634204 170 1622.311765 1009.917647 0.000000 
373.134024 183 1629.825137 1010.076503 0.000000 
373.162163 194 1635.726804 1009.922680 0.000000 
373.692721 215 1644.181395 1009.851163 0.000000 
373.633845 193 1636.202073 1009.937824 0.000000 
374.133666 196 1636.775510 1010.081633 0.000000 
374.161730 203 1640.029557 1009.940887 0.000000 
374.692207 225 1648.213333 1009.862222 0.000000 
374.633488 227 1648.986784 1009.938326 0.000000 
375.133310 220 1647.004545 1010.063636 0.000000 
375.161299 227 1649.982379 1009.933921 0.000000 
375.691695 252 1657.103175 1009.873016 0.000000 
375.633132 260 1659.853846 1009.953846 0.000000 
376.160870 273 1662.179487 1010.058608 0.000000 
376.160870 254 1658.003937 1009.952756 0.000000 
376.691187 284 1664.869718 1009.890845 0.000000 
376.660656 278 1663.766187 1009.949640 0.000000 
377.160443 313 1670.504792 1010.044728 0.000000 
377.190933 286 1666.241259 1009.947552 0.000000 
377.690680 300 1668.913333 1009.893333 0.000000 
377.660231 312 1671.573718 1009.961538 0.000000 
378.160019 312 1671.022436 1010.051282 0.000000 
378.160019 293 1667.310580 1009.959044 0.000000 
378.690177 287 1666.536585 1009.891986 0.000000 
378.632077 281 1665.459075 1009.950178 0.000000 
379.131903 258 1660.806202 1010.054264 0.000000 
379.159597 237 1655.818565 1009.936709 0.000000 
379.689676 230 1653.821739 1009.860870 0.000000 
379.631729 228 1654.583333 1009.947368 0.000000 
380.131556 218 1650.733945 1010.073394 0.000000 
380.159177 239 1657.384937 1009.949791 0.000000 
380.689178 203 1646.871921 1009.847291 0.000000 
380.631383 197 1646.055838 1009.928934 0.000000 
381.131211 196 1645.744898 1010.071429 0.000000 
381.158760 214 1654.205607 1009.929907 0.000000 
381.688682 196 1645.984694 1009.836735 0.000000 
381.631039 186 1642.801075 1009.935484 0.000000 
382.130868 182 1639.730769 1010.087912 0.000000 
382.158344 181 1639.928177 1009.933702 0.000000 
382.688189 191 1645.293194 1009.837696 0.000000 
382.630697 193 1646.450777 1009.927461 0.000000 
383.130526 187 1644.385027 1010.074866 0.000000 
383.157931 190 1647.157895 1009.921053 0.000000 
383.687699 185 1644.951351 1009.827027 0.000000 
383.630356 187 1647.326203 1009.935829 0.000000 
384.130186 190 1647.889474 1010.084211 0.000000 
384.157520 193 1649.870466 1009.937824 0.000000 
384.687211 198 1652.106061 1009.843434 0.000000 
384.657315 200 1653.160000 1009.930000 0.000000 
385.157111 203 1654.980296 1010.068966 0.000000 
385.157111 214 1659.691589 1009.929907 0.000000 
385.686725 205 1656.458537 1009.843902 0.000000 
385.656907 233 1666.686695 1009.948498 0.000000 
386.129512 199 1654.226131 1010.080402 0.000000 
386.156704 198 1654.737374 1009.939394 0.000000 
386.686242 198 1654.727273 1009.843434 0.000000 
386.629344 200 1655.570000 1009.930000 0.000000 
387.129177 199 1655.452261 1010.070352 0.000000 
387.156299 192 1653.833333 1009.921875 0.000000 
387.685762 196 1655.653061 1009.836735 0.000000 
387.629011 200 1658.415000 1009.940000 0.000000 
388.128845 183 1650.131148 1010.087432 0.000000 
388.155897 188 1653.436170 1009.936170 0.000000 
388.685284 182 1650.153846 1009.829670 0.000000 
388.628679 186 1652.247312 1009.924731 0.000000 
389.128513 180 1649.572222 1010.077778 0.000000 
389.155496 185 1653.432432 1009.918919 0.000000 
389.684809 190 1655.815789 1009.831579 0.000000 
389.628349 194 1658.695876 1009.938144 0.000000 
390.128184 195 1657.702564 1010.082051 0.000000 
390.155097 196 1659.081633 1009.938776 0.000000 
390.684335 189 1655.915344 1009.835979 0.000000 
390.628020 195 1659.010256 1009.928205 0.000000 
391.127856 190 1656.989474 1010.073684 0.000000 
391.154701 173 1650.398844 1009.913295 0.000000 
391.683865 166 1646.319277 1009.807229 0.000000 
391.627693 168 1649.458333 1009.928571 0.000000 
392.127530 164 1646.121951 1010.097561 0.000000 
392.154306 165 1647.157576 1009.927273 0.000000 
392.683397 163 1646.116564 1009.809816 0.000000 
392.627368 169 1650.455621 1009.917160 0.000000 
393.127206 162 1646.074074 1010.086420 0.000000 
393.153914 165 1649.048485 1009.909091 0.000000 
393.682931 159 1644.786164 1009.798742 0.000000 
393.627044 167 1651.568862 1009.928144 0.000000 
394.126883 164 1648.920732 1010.097561 0.000000 
394.153523 165 1649.896970 1009.927273 0.000000 
394.682467 163 1648.877301 1009.809816 0.000000 
394.626722 167 1651.970060 1009.916168 0.000000 
395.126562 163 1649.631902 1010.085890 0.000000 
395.153135 170 1655.329412 1009.911765 0.000000 
395.682006 165 1652.036364 1009.806061 0.000000 
395.626402 167 1654.311377 1009.928144 0.000000 
396.126243 158 1647.018987 1010.101266 0.000000 
396.152748 161 1649.745342 1009.925466 0.000000 
396.681547 162 1650.969136 1009.808642 0.000000 
396.626083 162 1651.061728 1009.913580 0.000000 
397.125925 161 1650.900621 1010.086957 0.000000 
397.152364 170 1658.176471 1009.911765 0.000000 
397.681091 161 1651.763975 1009.801242 0.000000 
397.625766 165 1655.696970 1009.927273 0.000000 
398.125608 155 1647.270968 1010.103226 0.000000 
398.151981 160 1651.700000 1009.925000 0.000000 
398.680637 162 1653.753086 1009.808642 0.000000 
398.625451 162 1653.777778 1009.913580 0.000000 
399.125294 161 1653.645963 1010.086957 0.000000 
399.151600 168 1659.654762 1009.910714 0.000000 
399.680185 162 1655.358025 1009.802469 0.000000 
399.625137 170 1662.135294 1009.929412 0.000000 
400.124980 161 1654.956522 1010.099379 0.000000 
400.151221 160 1654.387500 1009.925000 0.000000 
400.679735 156 1651.500000 1009.801282 0.000000 
400.624824 158 1653.341772 1009.911392 0.000000 
401.124669 160 1655.668750 1010.087500 0.000000 
401.150844 163 1658.644172 1009.907975 0.000000 
401.679287 160 1656.531250 1009.800000 0.000000 
401.624514 170 1664.982353 1009.929412 0.000000 
402.124359 157 1654.343949 1010.101911 0.000000 
402.150469 158 1655.506329 1009.924051 0.000000 
402.678842 153 1651.555556 1009.797386 0.000000 
402.624204 157 1655.203822 1009.910828 0.000000 
403.124050 160 1658.437500 1010.087500 0.000000 
403.150096 163 1661.368098 1009.907975 0.000000 
403.678399 160 1659.268750 1009.800000 0.000000 
403.623897 168 1666.398810 1009.928571 0.000000 
404.123743 158 1657.987342 1010.101266 0.000000 
404.149725 163 1662.423313 1009.926380 0.000000 
404.677958 159 1659.578616 1009.805031 0.000000 
404.623591 157 1657.866242 1009.910828 0.000000 
405.123438 154 1655.818182 1010.090909 0.000000 
405.149355 159 1660.849057 1009.905660 0.000000 
405.677520 159 1661.238994 1009.798742 0.000000 
405.623286 163 1665.226994 1009.926380 0.000000 
406.123134 156 1658.967949 1010.102564 0.000000 
406.148987 163 1665.220859 1009.926380 0.000000 
406.677083 155 1658.716129 1009.800000 0.000000 
406.622983 155 1658.819355 1009.909677 0.000000 
407.122832 151 1655.668874 1010.092715 0.000000 
407.148622 158 1662.696203 1009.905063 0.000000 
407.676649 159 1664.000000 1009.798742 0.000000 
407.622681 163 1667.950920 1009.926380 0.000000 
408.122531 156 1661.673077 1010.102564 0.000000 
408.148257 161 1666.378882 1009.925466 0.000000 
408.676217 156 1662.403846 1009.801282 0.000000 
408.622381 160 1666.062500 1009.912500 0.000000 
409.122231 157 1664.044586 1010.089172 0.000000 
409.147895 158 1665.367089 1009.905063 0.000000 
409.675786 153 1661.084967 1009.790850 0.000000 
409.622082 159 1667.295597 1009.924528 0.000000 
410.121933 155 1663.529032 1010.103226 0.000000 
410.147534 156 1664.589744 1009.923077 0.000000 
410.675358 154 1663.246753 1009.798701 0.000000 
410.621785 160 1668.837500 1009.912500 0.000000 
411.121637 153 1662.921569 1010.091503 0.000000 
411.147176 156 1666.282051 1009.903846 0.000000 
411.674932 150 1660.773333 1009.786667 0.000000 
411.621489 158 1669.107595 1009.924051 0.000000 
412.121341 155 1666.258065 1010.103226 0.000000 
412.146819 156 1667.256410 1009.923077 0.000000 
412.674509 154 1665.935065 1009.798701 0.000000 
412.621194 158 1669.835443 1009.911392 0.000000 
413.121048 154 1666.655844 1010.090909 0.000000 
413.146463 161 1673.645963 1009.906832 0.000000 
413.674087 156 1669.442308 1009.794872 0.000000 
413.620901 158 1671.778481 1009.924051 0.000000 
414.120755 149 1662.765101 1010.107383 0.000000 
414.146109 152 1666.052632 1009.921053 0.000000 
414.673667 153 1667.712418 1009.797386 0.000000 
414.620610 153 1667.653595 1009.908497 0.000000 
415.120464 152 1667.355263 1010.092105 0.000000 
415.145758 161 1676.428571 1009.906832 0.000000 
415.673249 152 1668.111842 1009.789474 0.000000 
415.620320 156 1672.621795 1009.923077 0.000000 
416.120175 146 1662.123288 1010.109589 0.000000 
416.145407 151 1667.675497 1009.920530 0.000000 
416.672833 153 1670.424837 1009.797386 0.000000 
416.620031 153 1670.294118 1009.908497 0.000000 
417.119887 152 1670.026316 1010.092105 0.000000 
417.145059 159 1677.389937 1009.905660 0.000000 
417.672419 153 1671.888889 1009.790850 0.000000 
417.619743 161 1680.161491 1009.925466 0.000000 
418.119600 152 1671.335526 1010.105263 0.000000 
418.144712 151 1670.284768 1009.920530 0.000000 
418.672008 147 1666.510204 1009.789116 0.000000 
418.619457 149 1668.744966 1009.906040 0.000000 
419.119315 151 1671.721854 1010.092715 0.000000 
419.144367 154 1675.103896 1009.902597 0.000000 
419.671598 151 1672.476821 1009.788079 0.000000 
419.619173 161 1682.944099 1009.925466 0.000000 
420.119031 147 1668.380952 1010.108844 0.000000 
420.144023 149 1670.805369 1009.919463 0.000000 
420.671190 142 1663.091549 1009.781690 0.000000 
420.618889 156 1679.243590 1009.910256 0.000000 
421.118748 141 1662.219858 1010.099291 0.000000 
421.143681 147 1669.693878 1009.897959 0.000000 
421.670784 146 1669.047945 1009.780822 0.000000 
421.618607 156 1680.455128 1009.916667 0.000000 
422.118467 147 1670.442177 1010.122449 0.000000 
422.143341 156 1680.333333 1009.961538 0.000000 
422.670380 154 1678.675325 1009.837662 0.000000 
422.618327 153 1677.313725 1009.921569 0.000000 
423.118187 148 1672.371622 1010.094595 0.000000 
423.143002 157 1682.331210 1009.904459 0.000000 
423.669978 156 1681.743590 1009.794872 0.000000 
423.618047 168 1693.547619 1009.928571 0.000000 
424.117908 165 1690.793939 1010.096970 0.000000 
424.142665 168 1693.446429 1009.928571 0.000000 
424.669577 182 1705.379121 1009.829670 0.000000 
424.617769 162 1688.314815 1009.913580 0.000000 
425.117631 171 1696.865497 1010.081871 0.000000 
425.142329 170 1696.358824 1009.911765 0.000000 
425.669179 167 1693.778443 1009.808383 0.000000 
425.617493 163 1690.398773 1009.926380 0.000000 
426.117355 166 1692.807229 1010.096386 0.000000 
426.141995 163 1690.331288 1009.926380 0.000000 
426.668783 169 1696.059172 1009.816568 0.000000 
426.617217 171 1697.672515 1009.918129 0.000000 
427.117080 162 1690.500000 1010.086420 0.000000 
427.141663 165 1693.866667 1009.909091 0.000000 
427.668388 166 1694.903614 1009.807229 0.000000 
427.616943 172 1700.627907 1009.930233 0.000000 
428.116806 157 1686.961783 1010.101911 0.000000 
428.141332 162 1691.759259 1009.925926 0.000000 
428.667995 152 1682.348684 1009.796053 0.000000 
428.616670 154 1684.474026 1009.909091 0.000000 
429.116534 155 1686.206452 1010.090323 0.000000 
429.141002 158 1689.702532 1009.905063 0.000000 
429.667604 151 1682.774834 1009.788079 0.000000 
429.616399 151 1683.569536 1009.920530 0.000000 
430.116263 144 1675.263889 1010.111111 0.000000 
430.140675 151 1683.258278 1009.920530 0.000000 
430.667215 147 1679.306122 1009.789116 0.000000 
430.616128 151 1683.695364 1009.907285 0.000000 
431.115994 152 1685.282895 1010.092105 0.000000 
431.140348 159 1692.880503 1009.905660 0.000000 
431.666828 160 1693.925000 1009.800000 0.000000 
431.615859 164 1698.439024 1009.926829 0.000000 
432.115725 167 1700.317365 1010.095808 0.000000 
432.140024 168 1701.470238 1009.928571 0.000000 
432.666442 182 1712.532967 1009.829670 0.000000 
432.615591 178 1709.735955 1009.921348 0.000000 
433.115458 191 1719.151832 1010.073298 0.000000 
433.139700 202 1726.490099 1009.925743 0.000000 
433.666058 223 1737.394619 1009.856502 0.000000 
433.615325 201 1726.800995 1009.940299 0.000000 
434.115192 204 1727.784314 1010.078431 0.000000 
434.139379 211 1731.876777 1009.943128 0.000000 
434.665676 233 1742.437768 1009.866953 0.000000 
434.615060 235 1743.404255 1009.940426 0.000000 
435.114927 228 1740.706140 1010.061404 0.000000 
435.139058 235 1744.365957 1009.936170 0.000000 
435.665296 260 1753.730769 1009.876923 0.000000 
435.614795 268 1757.097015 1009.955224 0.000000 
436.138739 281 1760.409253 1010.056940 0.000000 
436.138739 262 1754.782443 1009.954198 0.000000 
436.664917 292 1763.845890 1009.893836 0.000000 
436.638581 286 1762.332168 1009.951049 0.000000 
437.138422 321 1771.239875 1010.043614 0.000000 
437.164729 294 1765.323129 1009.948980 0.000000 
437.664540 308 1768.876623 1009.896104 0.000000 
437.638264 320 1772.221875 1009.962500 0.000000 
438.138106 320 1771.684375 1010.050000 0.000000 
438.138106 301 1766.850498 1009.960133 0.000000 
438.664165 295 1765.681356 1009.894915 0.000000 
438.614010 289 1764.200692 1009.951557 0.000000 
439.113880 266 1757.849624 1010.052632 0.000000 
439.137792 245 1751.057143 1009.938776 0.000000 
439.663792 238 1748.399160 1009.865546 0.000000 
439.613751 236 1748.919492 1009.949153 0.000000 
440.113622 226 1744.070796 1010.070796 0.000000 
440.137479 247 1752.773279 1009.951417 0.000000 
440.663420 211 1738.459716 1009.853081 0.000000 
440.613493 205 1736.843902 1009.931707 0.000000 
441.113364 204 1736.401961 1010.068627 0.000000 
441.137167 222 1746.936937 1009.932432 0.000000 
441.663050 204 1736.632353 1009.843137 0.000000 
441.613236 194 1732.067010 1009.938144 0.000000 
442.113108 190 1728.478947 1010.084211 0.000000 
442.136857 189 1728.502646 1009.936508 0.000000 
442.662682 199 1735.231156 1009.844221 0.000000 
442.612980 201 1736.641791 1009.930348 0.000000 
443.112852 195 1733.743590 1010.071795 0.000000 
443.136548 198 1736.868687 1009.924242 0.000000 
443.662315 193 1733.968912 1009.834197 0.000000 
443.612725 195 1736.564103 1009.938462 0.000000 
444.112598 198 1737.570707 1010.080808 0.000000 
444.136240 201 1739.925373 1009.940299 0.000000 
444.661950 206 1742.800971 1009.849515 0.000000 
444.636087 208 1744.096154 1009.932692 0.000000 
445.135934 211 1746.260664 1010.066351 0.000000 
445.135934 222 1752.225225 1009.932432 0.000000 
445.661587 213 1747.953052 1009.849765 0.000000 
445.635782 241 1761.153527 1009.950207 0.000000 
446.112094 207 1744.980676 1010.077295 0.000000 
446.135630 206 1745.330097 1009.941748 0.000000 
446.661225 206 1745.320388 1009.849515 0.000000 
446.611968 208 1746.413462 1009.932692 0.000000 
447.111843 207 1746.159420 1010.067633 0.000000 
447.135326 200 1743.580000 1009.925000 0.000000 
447.660865 204 1745.921569 1009.843137 0.000000 
447.611718 208 1749.149038 1009.942308 0.000000 
448.111593 191 1738.607330 1010.083770 0.000000 
448.135024 196 1742.581633 1009.938776 0.000000 
448.660506 190 1738.463158 1009.836842 0.000000 
448.611469 194 1741.123711 1009.927835 0.000000 
449.111345 188 1737.569149 1010.074468 0.000000 
449.134724 193 1742.098446 1009.922280 0.000000 
449.660149 198 1745.176768 1009.838384 0.000000 
449.611221 202 1748.549505 1009.940594 0.000000 
450.111097 203 1747.743842 1010.078818 0.000000 
450.134424 204 1749.215686 1009.941176 0.000000 
450.659794 197 1745.116751 1009.842640 0.000000 
450.610974 203 1749.000000 1009.931034 0.000000 
451.110851 198 1746.303030 1010.070707 0.000000 
451.134126 181 1737.121547 1009.917127 0.000000 
451.659440 174 1731.890805 1009.816092 0.000000 
451.610728 176 1735.278409 1009.931818 0.000000 
452.110606 172 1731.302326 1010.093023 0.000000 
452.133830 173 1732.491329 1009.930636 0.000000 
452.659088 171 1731.093567 1009.818713 0.000000 
452.610484 177 1736.423729 1009.920904 0.000000 
453.110362 170 1730.847059 1010.082353 0.000000 
453.133534 173 1734.294798 1009.913295 0.000000 
453.658737 167 1728.988024 1009.808383 0.000000 
453.610240 175 1737.097143 1009.931429 0.000000 
454.110119 172 1733.970930 1010.093023 0.000000 
454.133240 173 1735.104046 1009.930636 0.000000 
454.658388 171 1733.725146 1009.818713 0.000000 
454.609998 175 1737.480000 1009.920000 0.000000 
455.109877 171 1734.444444 1010.081871 0.000000 
455.132948 178 1741.269663 1009.915730 0.000000 
455.658041 173 1737.144509 1009.815029 0.000000 
455.609756 175 1739.714286 1009.931429 0.000000 
456.109636 166 1730.897590 1010.096386 0.000000 
456.132656 169 1734.136095 1009.928994 0.000000 
456.657695 170 1735.511765 1009.817647 0.000000 
456.609516 170 1735.600000 1009.917647 0.000000 
457.109396 169 1735.236686 1010.082840 0.000000 
457.132366 178 1743.988764 1009.915730 0.000000 
457.657350 169 1736.059172 1009.810651 0.000000 
457.609277 173 1740.635838 1009.930636 0.000000 
458.109157 163 1730.472393 1010.098160 0.000000 
458.132077 168 1735.785714 1009.928571 0.000000 
458.657007 170 1738.164706 1009.817647 0.000000 
458.609038 170 1738.188235 1009.917647 0.000000 
459.108920 169 1737.852071 1010.082840 0.000000 
459.131789 176 1745.011364 1009.914773 0.000000 
459.656665 170 1739.694118 1009.811765 0.000000 
459.608801 178 1747.769663 1009.932584 0.000000 
460.108683 169 1739.100592 1010.094675 0.000000 
460.131503 168 1738.345238 1009.928571 0.000000 
460.656325 164 1734.719512 1009.810976 0.000000 
460.608565 166 1736.915663 1009.915663 0.000000 
461.108447 168 1739.565476 1010.083333 0.000000 
461.131218 171 1743.035088 1009.912281 0.000000 
461.655987 168 1740.386905 1009.809524 0.000000 
461.608330 178 1750.488764 1009.932584 0.000000 
462.108212 165 1737.648485 1010.096970 0.000000 
462.130934 166 1738.975904 1009.927711 0.000000 
462.655649 161 1734.086957 1009.807453 0.000000 
462.608095 165 1738.466667 1009.915152 0.000000 
463.107979 168 1742.202381 1010.083333 0.000000 
463.130651 171 1745.631579 1009.912281 0.000000 
463.655314 168 1742.994048 1009.809524 0.000000 
463.607862 176 1751.448864 1009.931818 0.000000 
464.107746 166 1741.337349 1010.096386 0.000000 
464.130370 171 1746.637427 1009.929825 0.000000 
464.654980 167 1743.071856 1009.814371 0.000000 
464.607630 165 1741.000000 1009.915152 0.000000 
465.107514 162 1738.370370 1010.086420 0.000000 
465.130089 167 1744.281437 1009.910180 0.000000 
465.654647 167 1744.652695 1009.808383 0.000000 
465.607399 171 1749.309942 1009.929825 0.000000 
466.107284 164 1741.823171 1010.097561 0.000000 
466.129810 171 1749.304094 1009.929825 0.000000 
466.654315 163 1741.355828 1009.809816 0.000000 
466.607169 163 1741.453988 1009.914110 0.000000 
467.107054 159 1737.522013 1010.088050 0.000000 
467.129532 166 1745.819277 1009.909639 0.000000 
467.653985 167 1747.281437 1009.808383 0.000000 
467.606940 171 1751.906433 1009.929825 0.000000 
468.106825 164 1744.396341 1010.097561 0.000000 
468.129256 169 1749.982249 1009.928994 0.000000 
468.653657 164 1745.091463 1009.810976 0.000000 
468.606711 168 1749.464286 1009.916667 0.000000 
469.106598 165 1746.878788 1010.084848 0.000000 
469.128980 166 1748.361446 1009.909639 0.000000 
469.653330 161 1743.142857 1009.801242 0.000000 
469.606484 167 1750.419162 1009.928144 0.000000 
470.106371 163 1745.932515 1010.098160 0.000000 
470.128706 164 1747.170732 1009.926829 0.000000 
470.653004 162 1745.432099 1009.808642 0.000000 
470.606258 168 1752.107143 1009.916667 0.000000 
471.106145 161 1744.888199 1010.086957 0.000000 
471.128433 164 1748.780488 1009.908537 0.000000 
471.652679 158 1742.126582 1009.797468 0.000000 
471.606033 166 1751.921687 1009.927711 0.000000 
472.105920 163 1748.527607 1010.098160 0.000000 
472.128161 164 1749.707317 1009.926829 0.000000 
472.652356 162 1747.987654 1009.808642 0.000000 
472.605808 166 1752.614458 1009.915663 0.000000 
473.105696 162 1748.672840 1010.086420 0.000000 
473.127890 169 1756.905325 1009.911243 0.000000 
473.652035 164 1751.786585 1009.804878 0.000000 
473.605585 166 1754.463855 1009.927711 0.000000 
474.105473 157 1743.770701 1010.101911 0.000000 
474.127620 160 1747.625000 1009.925000 0.000000 
474.651714 161 1749.440994 1009.807453 0.000000 
474.605362 161 1749.385093 1009.913043 0.000000 
475.105251 160 1748.862500 1010.087500 0.000000 
475.127351 169 1759.556213 1009.911243 0.000000 
475.651395 160 1749.581250 1009.800000 0.000000 
475.605141 164 1754.810976 1009.926829 0.000000 
476.105030 154 1742.402597 1010.103896 0.000000 
476.127084 159 1748.924528 1009.924528 0.000000 
476.651078 161 1752.018634 1009.807453 0.000000 
476.604920 161 1751.894410 1009.913043 0.000000 
477.104810 160 1751.400000 1010.087500 0.000000 
477.126818 167 1760.029940 1009.910180 0.000000 
477.650762 161 1753.409938 1009.801242 0.000000 
477.604701 169 1763.112426 1009.928994 0.000000 
478.104591 160 1752.643750 1010.100000 0.000000 
478.126552 159 1751.402516 1009.924528 0.000000 
478.650447 155 1746.819355 1009.800000 0.000000 
478.604482 157 1749.445860 1009.910828 0.000000 
479.104373 159 1752.767296 1010.088050 0.000000 
479.126288 162 1756.703704 1009.907407 0.000000 
479.650133 159 1753.484277 1009.798742 0.000000 
479.604264 169 1765.763314 1009.928994 0.000000 
480.104155 155 1748.593548 1010.103226 0.000000 
480.126025 157 1751.401274 1009.923567 0.000000 
480.649821 150 1742.260000 1009.793333 0.000000 
480.604047 164 1761.109756 1009.914634 0.000000 
481.103939 149 1741.161074 1010.093960 0.000000 
481.125763 155 1749.838710 1009.903226 0.000000 
481.649509 154 1748.967532 1009.792208 0.000000 
481.603831 164 1762.262195 1009.920732 0.000000 
482.103723 155 1750.548387 1010.116129 0.000000 
482.125502 164 1762.146341 1009.963415 0.000000 
482.649200 162 1760.098765 1009.845679 0.000000 
482.603616 161 1758.565217 1009.925466 0.000000 
483.103509 156 1752.634615 1010.089744 0.000000 
483.125243 165 1764.278788 1009.909091 0.000000 
483.648891 164 1763.487805 1009.804878 0.000000 
483.603402 176 1777.363636 1009.931818 0.000000 
484.103295 173 1774.109827 1010.092486 0.000000 
484.124984 176 1777.267045 1009.931818 0.000000 
484.648584 190 1791.363158 1009.836842 0.000000 
484.603188 170 1771.100000 1009.917647 0.000000 
485.103082 179 1781.139665 1010.078212 0.000000 
485.124726 178 1780.455056 1009.915730 0.000000 
485.648278 175 1777.377143 1009.817143 0.000000 
485.602976 171 1773.304094 1009.929825 0.000000 
486.102870 174 1776.241379 1010.091954 0.000000 
486.124470 171 1773.239766 1009.929825 0.000000 
486.647973 177 1779.966102 1009.824859 0.000000 
486.602764 179 1781.910615 1009.921788 0.000000 
487.102659 170 1773.182353 1010.082353 0.000000 
487.124214 173 1777.040462 1009.913295 0.000000 
487.647670 174 1778.241379 1009.816092 0.000000 
487.602553 180 1784.933333 1009.933333 0.000000 
488.102448 165 1768.684848 1010.096970 0.000000 
488.123960 170 1774.382353 1009.929412 0.000000 
488.647368 160 1763.106250 1009.806250 0.000000 
488.602343 162 1765.611111 1009.913580 0.000000 
489.102239 163 1767.496933 1010.085890 0.000000 
489.123706 166 1771.524096 1009.909639 0.000000 
489.647067 159 1763.264151 1009.798742 0.000000 
489.602134 159 1764.018868 1009.924528 0.000000 
490.102030 152 1754.328947 1010.105263 0.000000 
490.123454 159 1763.723270 1009.924528 0.000000 
490.646767 155 1758.954839 1009.800000 0.000000 
490.601926 159 1764.138365 1009.911950 0.000000 
491.101822 160 1765.893750 1010.087500 0.000000 
491.123202 167 1774.778443 1009.910180 0.000000 
491.646469 168 1776.000000 1009.809524 0.000000 
491.601719 172 1781.186047 1009.930233 0.000000 
492.101616 175 1783.617143 1010.091429 0.000000 
492.122952 176 1784.926136 1009.931818 0.000000 
492.646171 190 1798.215789 1009.836842 0.000000 
492.601512 186 1794.801075 1009.924731 0.000000 
493.101409 199 1806.120603 1010.070352 0.000000 
493.122703 210 1814.909524 1009.928571 0.000000 
493.645875 231 1828.307359 1009.861472 0.000000 
493.601307 209 1815.057416 1009.942584 0.000000 
494.101204 212 1816.452830 1010.075472 0.000000 
494.122454 219 1821.397260 1009.945205 0.000000 
494.645580 241 1834.390041 1009.871369 0.000000 
494.601102 243 1835.555556 1009.942387 0.000000 
495.101000 236 1832.122881 1010.059322 0.000000 
495.122207 243 1836.485597 1009.938272 0.000000 
495.645286 268 1848.171642 1009.880597 0.000000 
495.600898 276 1852.181159 1009.956522 0.000000 
496.121961 289 1856.522491 1010.055363 0.000000 
496.121961 270 1849.381481 1009.955556 0.000000 
496.644994 300 1860.743333 1009.896667 0.000000 
496.621838 294 1858.799320 1009.952381 0.000000 
497.121715 329 1869.993921 1010.042553 0.000000 
497.144848 302 1862.334437 1009.950331 0.000000 
497.644703 316 1866.816456 1009.898734 0.000000 
497.621593 328 1870.887195 1009.963415 0.000000 
498.121471 328 1870.362805 1010.048780 0.000000 
498.121471 309 1864.343042 1009.961165 0.000000 
498.644412 303 1862.759076 1009.897690 0.000000 
498.600291 297 1860.855219 1009.952862 0.000000 
499.100190 274 1852.729927 1010.051095 0.000000 
499.121228 253 1844.067194 1009.940711 0.000000 
499.644123 246 1840.727642 1009.869919 0.000000 
499.600090 244 1841.004098 1009.950820 0.000000 
500.099990 234 1835.128205 1010.068376 0.000000 
500.120985 255 1845.941176 1009.952941 0.000000 
500.643835 219 1827.739726 1009.858447 0.000000 
500.599890 213 1825.319249 1009.934272 0.000000 
501.099790 212 1824.745283 1010.066038 0.000000 
501.120744 230 1837.391304 1009.934783 0.000000 
501.643549 212 1824.966981 1009.849057 0.000000 
501.599691 202 1819.014851 1009.940594 0.000000 
502.099592 198 1814.904040 1010.080808 0.000000 
502.120503 197 1814.756345 1009.939086 0.000000 
502.643263 207 1822.855072 1009.850242 0.000000 
502.599493 209 1824.521531 1009.933014 0.000000 
503.099394 203 1820.788177 1010.068966 0.000000 
503.120264 206 1824.271845 1009.927184 0.000000 
503.642979 201 1820.676617 1009.840796 0.000000 
503.599295 203 1823.497537 1009.940887 0.000000 
504.099197 206 1824.946602 1010.077670 0.000000 
504.120025 209 1827.679426 1009.942584 0.000000 
504.642695 214 1831.200935 1009.855140 0.000000 
504.619906 216 1832.740741 1009.935185 0.000000 
505.119788 219 1835.255708 1010.063927 0.000000 
505.119788 230 1842.495652 1009.934783 0.000000 
505.642413 221 1837.167421 1009.855204 0.000000 
505.619669 249 1853.405622 1009.951807 0.000000 
506.098805 215 1833.446512 1010.074419 0.000000 
506.119551 214 1833.635514 1009.943925 0.000000 
506.642132 214 1833.626168 1009.855140 0.000000 
506.598707 216 1834.972222 1009.935185 0.000000 
507.098610 215 1834.581395 1010.065116 0.000000 
507.119315 208 1831.038462 1009.927885 0.000000 
507.641852 212 1833.905660 1009.849057 0.000000 
507.598513 216 1837.606481 1009.944444 0.000000 
508.098416 199 1824.793970 1010.080402 0.000000 
508.119081 204 1829.441176 1009.941176 0.000000 
508.641573 198 1824.484848 1009.843434 0.000000 
508.598319 202 1827.712871 1009.930693 0.000000 
509.098222 196 1823.280612 1010.071429 0.000000 
509.118847 201 1828.482587 1009.925373 0.000000 
509.641295 206 1832.257282 1009.844660 0.000000 
509.598126 210 1836.128571 1009.942857 0.000000 
510.098030 211 1835.507109 1010.075829 0.000000 
