38.515132
38.459990
38.457790
38.438020
38.420960
38.399922
38.375008
38.346090
38.313103
38.276035
38.234901
38.189739
38.140599
38.087545
38.030648
37.969988
37.905649
37.837723
37.766304
37.691493
37.613391
37.532106
37.447743
37.360414
37.270229
37.177301
37.081744
36.983669
36.883191
36.780424
36.675478
36.568466
36.459497
36.348682
36.236127
36.121937
36.006217
35.889067
35.770587
35.650874
35.530021
35.408120
35.285261
35.161529
35.037009
34.911780
34.785922
34.659509
34.532614
34.405306
34.277652
34.149717
34.021562
33.893246
33.764825
33.636353
33.507881
33.379458
33.251130
33.122941
32.994934
32.867148
32.739620
32.612386
32.485480
32.358933
32.232775
32.107034
31.981736
31.856907
31.732568
31.608742
31.485450
31.362709
31.240537
31.118950
30.997964
30.877592
30.757847
30.638740
30.520282
30.402483
30.285352
30.168897
30.053124
29.938041
29.823652
29.709962
29.596977
29.484698
29.373130
29.262275
29.152135
29.042711
28.934004
28.826015
28.718744
28.612190
28.506353
28.401231
28.296824
28.193129
28.090146
27.987870
27.886301
27.785435
27.685270
27.585802
27.487027
27.388943
27.291546
27.194832
27.098797
27.003436
26.908746
26.814723
26.721362
26.628658
26.536607
26.445204
26.354445
26.264324
26.174837
26.085979
25.997746
25.910131
25.823131
25.736739
25.650952
25.565764
25.481170
25.397164
25.313743
25.230900
25.148631
25.066930
24.985793
24.905215
24.825190
24.745714
24.666781
24.588387
24.510526
24.433194
24.356386
24.280097
24.204321
24.129055
24.054294
23.980032
23.906265
23.832988
23.760197
23.687887
23.616053
23.544691
23.473797
23.403365
23.333393
23.263874
23.194805
23.126181
23.057998
22.990253
22.922940
22.856056
22.789596
22.723556
22.657933
22.592723
22.527920
22.463522
22.399525
22.335925
22.272717
22.209899
22.147466
22.085416
22.023743
21.962445
21.901518
21.840959
21.780763
21.720928
21.661451
21.602327
21.543553
21.485127
21.427045
21.369303
21.311899
21.254829
21.198091
21.141680
21.085595
21.029832
20.974388
20.919260
20.864445
20.809940
20.755743
20.701851
20.648261
20.594970
20.541975
20.489274
20.436864
20.384742
20.332906
20.281354
20.230082
20.179088
20.128370
20.077926
20.027752
19.977846
19.928207
19.878831
19.829717
19.780861
19.732263
19.683919
19.635827
19.587986
19.540392
19.493045
19.445941
19.399078
19.352456
19.306070
19.259921
19.214004
19.168319
19.122864
19.077636
19.032634
18.987855
18.943299
18.898962
18.854844
18.810942
18.767255
18.723780
18.680517
18.637463
18.594616
18.551976
18.509539
18.467306
18.425273
18.383439
18.341804
18.300364
18.259119
18.218067
18.177206
18.136535
18.096053
18.055758
18.015648
17.975722
17.935979
17.896416
17.857034
17.817830
17.778803
17.739951
17.701274
17.662769
17.624436
17.586274
17.548280
17.510454
17.472795
17.435300
17.397970
17.360802
17.323796
17.286950
17.250263
17.213734
17.177362
17.141145
17.105082
17.069173
17.033416
16.997811
16.962355
16.927048
16.891889
16.856876
16.822009
16.787287
16.752709
16.718273
16.683978
16.649824
16.615810
16.581934
16.548196
16.514595
16.481129
16.447798
16.414601
16.381537
16.348604
16.315803
16.283132
16.250590
16.218177
16.185891
16.153731
16.121698
16.089789
16.058005
16.026344
15.994805
15.963388
15.932092
15.900916
15.869859
15.838920
15.808099
15.777395
15.746807
15.716335
15.685977
15.655733
15.625602
15.595584
15.565677
15.535881
15.506196
15.476620
15.447153
15.417794
15.388543
15.359398
15.330360
15.301427
15.272599
15.243875
15.215255
15.186738
15.158322
15.130009
15.101796
15.073684
15.045672
15.017758
14.989944
14.962227
14.934608
14.907085
14.879659
14.852328
14.825093
14.797952
14.770905
14.743951
14.717090
14.690321
14.663644
14.637059
14.610564
14.584159
14.557844
14.531618
14.505480
14.479431
14.453469
14.427594
14.401806
14.376104
14.350488
14.324957
14.299510
14.274148
14.248869
14.223674
14.198561
14.173531
14.148582
14.123715
14.098929
14.074223
14.049598
14.025052
14.000585
13.976197
13.951888
13.927656
13.903502
13.879425
13.855425
13.831501
13.807653
13.783880
13.760182
13.736559
13.713011
13.689536
13.666134
13.642806
13.619551
13.596368
13.573257
13.550217
13.527249
13.504352
13.481525
13.458769
13.436082
13.413465
13.390916
13.368437
13.346026
13.323683
13.301408
13.279200
13.257059
13.234985
13.212978
13.191036
13.169160
13.147350
13.125605
13.103924
13.082308
13.060756
13.039269
13.017844
12.996483
12.975185
12.953949
12.932776
12.911665
12.890616
12.869628
12.848701
12.827835
12.807030
12.786285
12.765601
12.744975
12.724410
12.703904
12.683456
12.663068
12.642737
12.622465
12.602251
12.582095
12.561995
12.541953
12.521968
12.502039
12.482167
12.462351
12.442590
12.422886
12.403236
12.383642
12.364103
12.344618
12.325187
12.305811
12.286489
12.267220
12.248005
12.228843
12.209734
12.190678
12.171675
12.152723
12.133824
12.114977
12.096181
12.077437
12.058744
12.040103
12.021512
12.002971
11.984481
11.966041
11.947652
11.929312
11.911021
11.892780
11.874588
11.856445
11.838351
11.820306
11.802308
11.784360
11.766459
11.748605
11.730800
11.713042
11.695331
11.677667
11.660050
11.642480
11.624957
11.607479
11.590048
11.572663
11.555324
11.538030
11.520782
11.503579
11.486421
11.469308
11.452240
11.435216
11.418237
11.401302
11.384411
11.367564
11.350761
11.334002
11.317286
11.300613
11.283983
11.267397
11.250853
11.234352
11.217893
11.201477
11.185103
11.168771
11.152480
11.136232
11.120025
11.103860
11.087736
11.071653
11.055611
11.039610
11.023649
11.007730
10.991850
10.976011
10.960213
10.944454
10.928735
10.913056
10.897416
10.881816
10.866255
10.850734
10.835251
10.819807
10.804403
10.789036
10.773709
10.758420
10.743169
10.727956
10.712782
10.697645
10.682546
10.667484
10.652461
10.637474
10.622525
10.607613
10.592738
10.577900
10.563099
10.548334
10.533606
10.518915
10.504260
10.489641
10.475058
10.460511
10.446000
10.431524
10.417085
10.402680
10.388312
10.373978
10.359680
10.345417
10.331188
10.316995
10.302836
10.288712
10.274623
10.260568
10.246547
10.232560
10.218608
10.204689
10.190805
10.176954
10.163137
10.149353
10.135603
10.121886
10.108203
10.094552
10.080935
10.067351
10.053799
10.040281
10.026795
10.013341
9.999920
9.986531
9.973175
9.959851
9.946559
9.933298
9.920070
9.906874
9.893709
9.880575
9.867474
9.854403
9.841364
9.828356
9.815379
9.802433
9.789519
9.776634
9.763781
9.750958
9.738166
9.725404
9.712673
9.699972
9.687301
9.674660
9.662049
9.649468
9.636917
9.624395
9.611903
9.599441
9.587008
9.574604
9.562230
9.549885
9.537569
9.525282
9.513023
9.500794
9.488593
9.476421
9.464277
9.452162
9.440075
9.428016
9.415986
9.403983
9.392009
9.380062
9.368144
9.356252
9.344389
9.332553
9.320744
9.308963
9.297209
9.285482
9.273783
9.262110
9.250464
9.238844
9.227252
9.215686
9.204146
9.192633
9.181147
9.169686
9.158252
9.146843
9.135461
9.124104
9.112773
9.101467
9.090188
9.078933
9.067704
9.056500
9.045321
9.034168
9.023039
9.011935
9.000856
8.989801
8.978771
8.967765
8.956784
8.945826
8.934893
8.923984
8.913099
8.902237
8.891399
8.880585
8.869794
8.859026
8.848282
8.837561
8.826862
8.816187
8.805534
8.794904
8.784296
8.773710
8.763147
8.752606
8.742087
8.731590
8.721115
8.710661
8.700228
8.689817
8.679428
8.669059
8.658711
8.648384
8.638077
8.627791
8.617526
8.607280
8.597055
8.586850
8.576664
8.566498
8.556351
8.546223
8.536115
8.526025
8.515955
8.505903
8.495869
8.485853
8.475856
8.465876
8.455914
8.445970
8.436043
8.426133
8.416240
8.406363
8.396503
8.386660
8.376832
8.367020
8.357224
8.347443
8.337678
8.327927
8.318191
8.308470
8.298762
8.289069
8.279389
8.269723
8.260069
8.250429
8.240801
8.231186
8.221582
8.211990
8.202410
8.192840
8.183282
8.173734
8.164195
8.154667
8.145148
8.135638
8.126136
8.116643
8.107158
8.097680
8.088209
8.078745
8.069287
8.059834
8.050388
8.040946
8.031508
8.022074
8.012644
8.003216
7.993791
7.984368
7.974946
7.965524
7.956103
7.946681
7.937258
7.927834
7.918406
7.908976
7.899542
7.890103
7.880659
7.871210
7.861753
7.852288
7.842815
7.833333
7.823841
7.814337
7.804822
7.795293
7.785750
7.776192
7.766618
7.757027
7.747417
7.737787
7.728137
7.718464
7.708768
7.699047
7.689300
7.679524
7.669720
7.659885
7.650017
7.640115
7.630176
7.620200
7.610184
7.600127
7.590025
7.579878
7.569682
7.559435
7.549136
7.538781
7.528368
7.517893
7.507355
7.496750
7.486074
7.475326
7.464500
7.453594
7.442604
7.431525
7.420354
7.409086
7.397717
7.386242
7.374655
7.362952
7.351126
7.339173
7.327084
7.314855
7.302478
7.289946
7.277251
7.264384
7.251337
7.238101
7.224665
7.211020
7.197154
7.183056
7.168712
7.154110
7.139234
7.124070
7.108601
7.092809
7.076675
7.060179
7.043299
7.026010
7.008288
6.990104
6.971428
6.952228
6.932468
6.912108
6.891107
6.869417
6.846988
6.823763
6.799681
6.774672
6.748660
6.721561
6.693279
6.663709
6.632730
6.600208
6.565989
6.529900
6.491740
6.451280
6.408253
6.362350
6.313206
6.260391
6.203395
6.141600
6.074259
6.000454
5.919040
5.828577
5.727214
5.612532
5.481301
5.329091
5.149640
4.933768
4.667405
4.327828
3.876276
3.246639
2.420050
4.305997
6.743705
12.583330
22.174468
43.371771
111.667497
83.098507
94.412956
92.331342
92.299616
92.282363
92.264833
92.248871
92.233835
92.219494
92.205693
92.192327
92.179320
92.166623
92.154195
92.142008
92.130039
92.118271
92.106690
92.095283
92.084043
92.072960
92.062028
92.051241
92.040595
92.030084
92.019706
92.009456
91.999331
91.989328
91.979446
91.969681
91.960030
91.950493
91.941067
91.931749
91.922539
91.913434
91.904433
91.895534
91.886736
91.878037
91.869436
91.860931
91.852522
91.844206
91.835982
91.827850
91.819808
91.811855
91.803990
91.796212
91.788520
91.780912
91.773389
91.765948
91.758590
91.751313
91.744117
91.737001
91.729964
91.723006
91.716126
91.709325
91.702601
91.695955
91.689387
91.682897
91.676486
91.670155
91.663905
91.657737
91.651655
91.645661
91.639761
91.633959
91.628266
91.622691
91.617253
91.611974
91.606889
91.602055
91.597560
91.593560
91.590355
91.588593
91.590002
91.601237
91.681690
91.796076
91.622688
91.662033
91.634927
91.627798
91.620657
91.614131
91.608038
91.602249
91.596683
91.591291
91.586038
91.580901
91.575864
91.570915
91.566044
91.561244
91.556510
91.551837
91.547222
91.542662
91.538153
91.533694
91.529283
91.524918
91.520598
91.516321
91.512087
91.507894
91.503741
91.499627
91.495552
91.491514
91.487513
91.483549
91.479621
91.475727
91.471868
91.468043
91.464251
91.460492
91.456765
91.453071
91.449407
91.445775
91.442173
91.438602
91.435060
91.431548
91.428064
91.424609
91.421182
91.417783
91.414412
91.411068
91.407751
91.404460
91.401195
91.397956
91.394743
91.391555
91.388392
91.385253
91.382139
91.379050
91.375983
91.372941
91.369922
91.366925
91.363952
91.361001
91.358072
91.355165
91.352280
91.349416
91.346574
91.343753
91.340953
91.338173
91.335413
91.332674
91.329955
91.327255
91.324575
91.321914
91.319273
91.316650
91.314046
91.311460
91.308893
91.306344
91.303813
91.301299
91.298803
91.296325
91.293864
91.291419
91.288992
91.286582
91.284187
91.281810
91.279448
91.277103
91.274773
91.272459
91.270161
91.267878
91.265611
91.263358
91.261121
91.258898
91.256690
91.254497
91.252318
91.250153
91.248003
91.245866
91.243744
91.241635
91.239539
91.237457
91.235389
91.233333
91.231291
91.229262
91.227245
91.225242
91.223251
91.221272
91.219306
91.217352
91.215410
91.213481
91.211563
91.209657
91.207763
91.205880
91.204009
91.202150
91.200302
91.198465
91.196639
91.194824
91.193020
91.191226
91.189444
91.187672
91.185911
91.184160
91.182420
91.180689
91.178969
91.177259
91.175559
91.173869
91.172189
91.170519
91.168858
91.167207
91.165565
91.163933
91.162310
91.160696
91.159092
91.157497
91.155910
91.154333
91.152764
91.151205
91.149654
91.148112
91.146578
91.145053
91.143536
91.142028
91.140528
91.139036
91.137553
91.136077
91.134610
91.133151
91.131699
91.130256
91.128820
91.127392
91.125972
91.124559
91.123154
91.121756
91.120366
91.118983
91.117607
91.116239
91.114878
91.113524
91.112177
91.110838
91.109505
91.108179
91.106860
91.105548
91.104243
91.102944
91.101652
91.100367
91.099088
91.097816
91.096550
91.095291
91.094038
91.092791
91.091551
91.090317
91.089089
91.087867
91.086651
91.085442
91.084238
91.083040
91.081849
91.080663
91.079483
91.078309
91.077140
91.075977
91.074820
91.073669
91.072523
91.071383
91.070248
91.069119
91.067995
91.066876
91.065763
91.064655
91.063553
91.062455
91.061363
91.060276
91.059194
91.058118
91.057046
91.055979
91.054918
91.053861
91.052809
91.051762
91.050720
91.049683
91.048651
91.047623
91.046600
91.045582
91.044568
91.043559
91.042555
91.041555
91.040560
91.039569
91.038583
91.037601
91.036624
91.035651
91.034682
91.033718
91.032758
91.031802
91.030850
91.029903
91.028960
91.028021
91.027086
91.026155
91.025229
91.024306
91.023387
91.022473
91.021562
91.020656
91.019753
91.018854
91.017959
91.017068
91.016181
91.015297
91.014417
91.013541
91.012669
91.011801
91.010936
91.010074
91.009217
91.008363
91.007513
91.006666
91.005823
91.004983
91.004147
91.003314
91.002485
91.001659
91.000836
91.000017
90.999202
90.998389
90.997580
90.996775
90.995972
90.995173
90.994377
90.993585
90.992795
90.992009
90.991226
90.990446
90.989669
90.988896
90.988125
90.987358
90.986593
90.985832
90.985074
90.984318
90.983566
90.982817
90.982070
90.981327
90.980586
90.979849
90.979114
90.978382
90.977653
90.976927
90.976204
90.975483
90.974765
90.974051
90.973338
90.972629
90.971922
90.971218
90.970517
90.969818
90.969122
90.968429
90.967738
90.967050
90.966364
90.965682
90.965001
90.964323
90.963648
90.962976
90.962305
90.961638
90.960973
90.960310
90.959650
90.958992
90.958337
90.957684
90.957033
90.956385
90.955739
90.955096
90.954455
90.953816
90.953180
90.952546
90.951914
90.951285
90.950658
90.950033
90.949410
90.948790
90.948172
90.947556
90.946942
90.946331
90.945721
90.945114
90.944509
90.943906
90.943306
90.942707
90.942111
90.941516
90.940924
90.940334
90.939746
90.939160
90.938576
90.937994
90.937414
90.936836
90.936260
90.935686
90.935114
90.934544
90.933976
90.933410
90.932846
90.932284
90.931724
90.931166
90.930610
90.930055
90.929502
90.928952
90.928403
90.927856
90.927311
90.926768
90.926226
90.925687
90.925149
90.924613
90.924079
90.923546
90.923016
90.922487
90.921960
90.921434
90.920911
90.920389
90.919869
90.919350
90.918834
90.918319
90.917805
90.917294
90.916784
90.916275
90.915769
90.915264
90.914760
90.914259
90.913759
90.913260
90.912763
90.912268
90.911774
90.911282
90.910792
90.910303
90.909816
