2.692582 20 1.500000 2.000000 10.000000 
2.549510 18 1.500000 2.000000 10.555556 
2.692582 20 1.500000 2.000000 11.000000 
2.549510 18 1.500000 2.000000 11.555556 
2.692582 20 1.500000 2.000000 12.000000 
2.549510 18 1.500000 2.000000 12.555556 
2.692582 20 1.500000 2.000000 13.000000 
2.549510 18 1.500000 2.000000 13.555556 
2.692582 20 1.500000 2.000000 14.000000 
2.549510 18 1.500000 2.000000 14.555556 
2.692582 20 1.500000 2.000000 15.000000 
2.549510 18 1.500000 2.000000 15.555556 
2.692582 20 1.500000 2.000000 16.000000 
2.549510 18 1.500000 2.000000 16.555556 
2.692582 20 1.500000 2.000000 17.000000 
2.549510 18 1.500000 2.000000 17.555556 
2.692582 20 1.500000 2.000000 18.000000 
2.549510 18 1.500000 2.000000 18.555556 
2.692582 20 1.500000 2.000000 19.000000 
2.549510 18 1.500000 2.000000 19.555556 
2.692582 20 1.500000 2.000000 20.000000 
2.549510 18 1.500000 2.000000 20.555556 
2.692582 20 1.500000 2.000000 21.000000 
2.549510 18 1.500000 2.000000 21.555556 
2.692582 20 1.500000 2.000000 22.000000 
2.549510 18 1.500000 2.000000 22.555556 
2.692582 20 1.500000 2.000000 23.000000 
2.549510 18 1.500000 2.000000 23.555556 
2.692582 20 1.500000 2.000000 24.000000 
2.549510 18 1.500000 2.000000 24.555556 
2.692582 20 1.500000 2.000000 25.000000 
2.549510 18 1.500000 2.000000 25.555556 
2.692582 20 1.500000 2.000000 26.000000 
2.549510 18 1.500000 2.000000 26.555556 
2.692582 20 1.500000 2.000000 27.000000 
2.549510 18 1.500000 2.000000 27.555556 
2.692582 20 1.500000 2.000000 28.000000 
2.549510 18 1.500000 2.000000 28.555556 
2.692582 20 1.500000 2.000000 29.000000 
2.549510 18 1.500000 2.000000 29.555556 
2.692582 20 1.500000 2.000000 30.000000 
2.549510 18 1.500000 2.000000 30.555556 
2.692582 20 1.500000 2.000000 31.000000 
2.549510 18 1.500000 2.000000 31.555556 
2.692582 20 1.500000 2.000000 32.000000 
2.549510 18 1.500000 2.000000 32.555556 
2.692582 20 1.500000 2.000000 33.000000 
2.549510 18 1.500000 2.000000 33.555556 
2.692582 20 1.500000 2.000000 34.000000 
2.549510 18 1.500000 2.000000 34.555556 
2.692582 20 1.500000 2.000000 35.000000 
2.549510 18 1.500000 2.000000 35.555556 
2.692582 20 1.500000 2.000000 36.000000 
2.549510 18 1.500000 2.000000 36.555556 
2.692582 20 1.500000 2.000000 37.000000 
2.549510 18 1.500000 2.000000 37.555556 
2.692582 20 1.500000 2.000000 38.000000 
2.549510 18 1.500000 2.000000 38.555556 
2.692582 20 1.500000 2.000000 39.000000 
2.549510 18 1.500000 2.000000 39.555556 
2.692582 20 1.500000 2.000000 40.000000 
2.549510 18 1.500000 2.000000 40.555556 
2.692582 20 1.500000 2.000000 41.000000 
2.549510 18 1.500000 2.000000 41.555556 
2.692582 20 1.500000 2.000000 42.000000 
2.549510 18 1.500000 2.000000 42.555556 
2.692582 20 1.500000 2.000000 43.000000 
2.549510 18 1.500000 2.000000 43.555556 
2.692582 20 1.500000 2.000000 44.000000 
2.549510 18 1.500000 2.000000 44.555556 
2.692582 20 1.500000 2.000000 45.000000 
2.549510 18 1.500000 2.000000 45.555556 
2.692582 20 1.500000 2.000000 46.000000 
2.549510 18 1.500000 2.000000 46.555556 
2.692582 20 1.500000 2.000000 47.000000 
2.549510 18 1.500000 2.000000 47.555556 
2.692582 20 1.500000 2.000000 48.000000 
2.549510 18 1.500000 2.000000 48.555556 
2.692582 20 1.500000 2.000000 49.000000 
2.549510 18 1.500000 2.000000 49.555556 
2.692582 20 1.500000 2.000000 50.000000 
2.549510 18 1.500000 2.000000 50.555556 
2.692582 20 1.500000 2.000000 51.000000 
2.549510 18 1.500000 2.000000 51.555556 
2.692582 20 1.500000 2.000000 52.000000 
2.549510 18 1.500000 2.000000 52.555556 
2.692582 20 1.500000 2.000000 53.000000 
2.549510 18 1.500000 2.000000 53.555556 
2.692582 20 1.500000 2.000000 54.000000 
2.549510 18 1.500000 2.000000 54.555556 
2.692582 20 1.500000 2.000000 55.000000 
2.549510 18 1.500000 2.000000 55.555556 
2.692582 20 1.500000 2.000000 56.000000 
2.549510 18 1.500000 2.000000 56.555556 
2.692582 20 1.500000 2.000000 57.000000 
2.549510 18 1.500000 2.000000 57.555556 
2.692582 20 1.500000 2.000000 58.000000 
2.549510 18 1.500000 2.000000 58.555556 
2.692582 20 1.500000 2.000000 59.000000 
2.549510 18 1.500000 2.000000 59.555556 
