40.310917512479996
40.2355479623416
40.243005192933396
40.22809137696736
40.222467794349996
40.216149289115805
40.20921765539601
40.20144607633298
40.19268507742992
40.18284490311495
40.17186981481681
40.159724660695
40.14638730009882
40.131844209165216
40.11608782145694
40.09911485514766
40.08092522362466
40.06152130354646
40.0409074288773
40.01908953177936
39.99607488129974
39.97187188860242
39.946489958360054
39.91993937272101
39.8922311986237
39.86337721208131
39.83338983496241
39.802282081083604
39.77006750932155
39.73676018207513
39.702374627851114
39.666925807064466
39.630429080375414
39.59290017905505
39.55435517699662
39.51481046408382
39.47428272069773
39.43278889319789
39.390346170253494
39.34697195993208
39.30268386747683
39.25749967372211
39.21143731411085
39.16451485828842
39.11675049025549
39.06816248906906
39.01876921008508
38.968589066739874
38.91764051286962
38.86594202556912
38.81351208859196
38.76036917629465
38.706531738127495
38.65201818367511
38.59684686824856
38.54103607903102
38.48460402177788
38.42756880807164
38.369948443130745
38.31176081417107
38.25302367931741
38.19375465706165
38.13397121626331
38.07369066668718
38.012930150071995
37.95170663172326
37.89003689262239
37.827937522043776
37.7654249106705
37.70251524419904
37.63922449742239
37.57556842878059
37.511562575367485
37.44722224838146
37.38256252900823
37.31759826472288
37.25234406599839
37.18681430340756
37.12102310510506
37.05498435467622
36.98871168933913
36.92221849848639
36.85551792255326
36.78862285219844
36.721545927784135
36.65429953914227
36.586895825613325
36.51934667634506
36.45166373083804
36.38385837972551
36.31594176577489
36.24792478509911
36.179818088565426
36.11163208339043
36.043376934909624
35.97506256851054
35.90669867171886
35.838294696426736
35.76985986125342
35.70140315402834
35.63293333438715
35.56445893647157
35.49598827172425
35.427529431770175
35.359090291376404
35.29067851148237
35.22230154229323
35.15396662642909
35.08568080212324
35.01745090646276
34.9492835786655
34.88118526338718
34.813162214053186
34.745220496209626
34.677365990888475
34.60960439798228
34.54194123962344
34.47438186356427
34.40693144655338
34.33959499770491
34.272377361856826
34.205283222915064
34.1383171071804
34.07148338665508
34.00478628232654
33.93822986742576
33.8718180706578
33.80555467940253
33.7394433428834
33.67348757530258
33.607690758940784
33.54205614722021
33.47658686772929
33.411285925208006
33.346156204492615
33.281200473418934
33.216421385683155
33.151821483659575
33.08740320117448
33.023168866235736
32.95912070371752
32.8952608379999
32.831591295562944
32.768114007535125
32.70483081219588
32.64174345743232
32.57885360315
32.51616282363781
32.45367260988716
32.39138437186549
32.32929944074452
32.267419071083204
32.20574444296595
32.144276664096274
32.083016771846296
32.021965735262505
31.961124457028188
31.900493775382966
31.840074465999955
31.779867243821005
31.7198727648506
31.660091627908884
31.60052437634444
31.54117149970733
31.482033435382995
31.423110570187664
31.364403241925768
31.30591174091005
31.247636311444964
31.189577153273966
31.13173442299134
31.074108235419192
31.016698664950194
30.959505746856795
30.902529478567423
30.845769820910395
30.789226699326118
30.7329000050482
30.676789596254107
30.620895299185996
30.565216909242295
30.509754192040702
30.45450688445313
30.399474695613243
30.34465730789716
30.290054377877937
30.235665537254345
30.181490393754565
30.12752853201534
30.073779514437177
30.02024288201605
29.966918155152264
29.913804834436927
29.86090240141659
29.80821031933653
29.755728033863278
29.703454973786705
29.651390551702384
29.599534164674523
29.54788519488004
29.496443010234177
29.4452069649982
29.394176400369492
29.343350645054624
29.292729015825717
29.24231081806057
29.19209534626695
29.142081884591455
29.092269707313317
29.042658079323576
28.993246256589963
28.944033486607818
28.89501900883758
28.846202055128952
28.79758185013231
28.74915761169753
28.70092855126066
28.65289387421874
28.605052780293047
28.5574044638811
28.50994811439775
28.46268291660561
28.4156080509351
28.36872269379444
28.322026017869813
28.275517192416025
28.229195383537796
28.18305975446213
28.1371094658018
28.091343675810382
28.045761540628888
28.000362214524422
27.955144850120902
27.910108598622166
27.86525261002769
27.82057603334104
27.77607801677137
27.731757707928
27.687614254008505
27.643646801980243
27.599854498755693
27.556236491361695
27.51279192710277
27.46951995371874
27.42641971953672
27.38349037361772
27.340731065898
27.29814094732529
27.255719169990073
27.213464887252005
27.171377253861735
27.129455426078074
27.08769856178085
27.046105820579417
27.004676363917053
26.963409355171283
26.9223039597503
26.881359345185587
26.840574681220854
26.799949139897382
26.759481895635897
26.719172125315076
26.679019008346803
26.639021726748176
26.59917946521056
26.559491411165542
26.519956754848053
26.480574689356654
26.44134441071114
26.40226511790744
26.36333601297003
26.324556301001792
26.285925190231534
26.247441892059147
26.209105621098487
26.17091559521813
26.132871035579914
26.094971166675506
26.05721521636095
26.019602415889267
25.982131999941217
25.94480320665424
25.90761527764963
25.87056745805806
25.83365899654339
25.796889145324972
25.760257160198343
25.723762300554473
25.687403829397557
25.651181013361423
25.61509312272458
25.57913943142395
25.543319217067392
25.507631760944935
25.472076348038897
25.436652267032816
25.401358810319305
25.366195274006856
25.331160957925565
25.296255165631926
25.26147720441262
25.226826385287414
25.192302023011116
25.157903436074736
25.123629946705766
25.089480880867637
25.055455568258488
25.0215533423091
24.987773540180157
24.954115502758775
24.920578574654417
24.887162104194122
24.853865443417124
24.820687948068887
24.787628977594515
24.754687895131728
24.721864067503134
24.689156865208155
24.656565662414344
24.624089836948297
24.591728770286096
24.559481847543285
24.527348457464473
24.49532799241252
24.46341984835734
24.431623424864313
24.399938125082407
24.368363355731862
24.33689852709167
24.305543052986664
24.274296350774332
24.243157841331364
24.212126949039927
24.18120310177368
24.15038573088353
24.119674271183193
24.08906816093451
24.058566841832548
24.028169758990533
23.997876360924568
23.967686099538167
23.937598430106668
23.907612811261412
23.877728704973862
23.8479455765395
23.818262894561645
23.788680130935127
23.759196760829838
23.729812262674205
23.700526118138526
23.671337812118228
23.642246832717063
23.613252671230182
23.58435482212717
23.55555278303498
23.52684605472086
23.49823414107517
23.46971654909419
23.44129278886287
23.412962373537532
23.384724819328564
23.356579645483063
23.328526374267476
23.30056453095021
23.27269364378424
23.244913243989686
23.217222865736417
23.189622046126612
23.16211032517739
23.13468724580338
23.107352353799335
23.080105197822757
23.052945329376527
23.025872302791587
22.998885675209614
22.971985006565735
22.945169859571255
22.918439799696465
22.891794395153415
22.8652332168788
22.83875583851682
22.81236183640214
22.786050789542834
22.759822279603444
22.733675890888044
22.707611210323353
22.68162782744194
22.655725334365442
22.629903325787865
22.604161398958933
22.578499153667504
22.552916192225037
22.527412119449142
22.50198654264718
22.476639071599926
22.45136931854532
22.426176898162264
22.401061427554495
22.37602252623454
22.351059816107746
22.326172921456347
22.30136146892366
22.276625087498314
22.25196340849857
22.227376065556726
22.20286269460358
22.178422933852982
22.15405642378647
22.129762807137986
22.105541728878656
22.081392836201662
22.057315778507203
22.033310207387533
22.00937577661206
21.985512142112565
21.961718961968472
21.93799589639221
21.914342607714687
21.890758760370797
21.867244020885042
21.84379805785725
21.82042054194835
21.797111145866236
21.77386954435174
21.750695414164667
21.727588434069904
21.70454828482367
21.68157464915977
21.658667211776013
21.63582565932064
21.613049680378936
21.590338965459797
21.56769320698251
21.54511209926353
21.52259533850339
21.500142622773676
21.47775365200407
21.455428127969526
21.433165754277493
21.410966236355225
21.38882928143719
21.36675459855255
21.344741898512737
21.322790893899096
21.30090129905063
21.27907283005181
21.257305204720492
21.235598142595887
21.213951364926633
21.192364594658944
21.170837556424853
21.149369976530515
21.127961582944586
21.106612105286732
21.085321274816152
21.064088824420242
21.042914488603294
21.021798003475293
21.000739106740802
20.979737537687917
20.95879303717728
20.937905347631208
20.917074213022893
20.896299378865635
20.87558059220222
20.854917601594323
20.83431015711201
20.813758010323312
20.793260914283874
20.77281862352667
20.75243089405183
20.732097483316476
20.7118181502247
20.691592655117578
20.67142075976325
20.651302227347113
20.63123682246204
20.611224311098706
20.591264460635966
20.57135703983132
20.55150181881141
20.531698569062662
20.51194706342191
20.492247076067166
20.472598382508412
20.453000759578455
20.433453985423906
20.413957839496167
20.394512102542517
20.37511655659725
20.3557709849729
20.336475172251507
20.317228904275968
20.298031968141448
20.27888415218684
20.259785245986336
20.24073504034099
20.221733327270414
20.2027799000045
20.183874552975215
20.16501708180845
20.146207283315945
20.127444955487277
20.108729897481883
20.090061909621163
20.071440793380667
20.052866351382292
20.03433838738658
20.01585670628505
19.997421114092592
19.979031417939954
19.960687426066237
19.94238894781146
19.924135793609224
19.90592777497937
19.88776470452076
19.869646395904024
19.85157266386447
19.833543324194988
19.81555819373898
19.79761709038343
19.779719833051956
19.761866241697938
19.74405613729771
19.72628934184381
19.70856567833824
19.690884970785827
19.67324704418762
19.655651724534323
19.638098838799806
19.620588214934642
19.603119681859713
19.58569306945985
19.568308208577548
19.55096493100669
19.53366306948637
19.51640245769472
19.499182930242824
19.48200432266864
19.464866471430994
19.447769213903637
19.43071238836931
19.413695834013893
19.39671939092056
19.37978290006403
19.362886203304814
19.34602914338356
19.329211563915386
19.3124333093843
19.295694225137648
19.27899415738062
19.26233295317076
19.245710460412592
19.229126527852205
19.21258100507195
19.196073742485137
19.179604591330797
19.16317340366848
19.146780032373087
19.13042433112976
19.114106154428793
19.097825357560602
19.08158179661073
19.065375328454884
19.049205810754028
19.0330731019495
19.01697706125818
19.000917548667708
18.984894424931692
18.96890755156502
18.952956790839178
18.937042005777595
18.921163060151052
18.905319818473114
18.8895121459956
18.873739908704103
18.858002973313525
18.84230120726367
18.826634478714865
18.811002656543625
18.795405610338324
18.77984321039496
18.764315327712893
18.748821833990654
18.7333626016218
18.71793750369076
18.70254641396877
18.68718920690979
18.671865757646504
18.656575941986326
18.64131963640743
18.626096718054864
18.610907064736615
18.59575055491981
18.580627067726873
18.565536482931726
18.550478680956058
18.535453542865607
18.520460950366456
18.5055007858014
18.4905729321463
18.47567727300653
18.460813692613375
18.445982075820552
18.43118230810068
18.416414275541847
18.40167786484416
18.386972963316364
18.372299458872458
18.35765724002837
18.343046195898655
18.32846621619321
18.313917191214042
18.29939901185205
18.284911569583837
18.27045475646858
18.256028465144876
18.241632588827684
18.22726702130524
18.212931656936046
18.198626390645835
18.18435111792465
18.170105734823846
18.155890137953236
18.14170422447815
18.12754789211663
18.113421039136576
18.099323564352964
18.08525536712508
18.071216347353776
18.057206405478777
18.043225442475983
18.029273359854837
18.015350059655702
18.001455444447263
17.987589417323964
17.973751881903482
17.959942742324213
17.946161903242807
17.932409269831705
17.918684747776744
17.904988243274737
17.89131966303113
17.877678914257668
17.864065904670085
17.85048054248584
17.836922736421855
17.823392395692302
17.809889430006425
17.796413749566362
17.782965265065027
17.769543887684
17.756149529091456
17.74278210144012
17.729441517365252
17.71612768998265
17.702840532886704
17.689579960148468
17.676345886313747
17.663138226401248
17.64995689590071
17.636801810771132
17.623672887438946
17.610570042796308
17.59749319419934
17.58444225946647
17.57141715687675
17.558417805168215
17.545444123536324
17.53249603163234
17.51957344956182
17.506676297883097
17.493804497605808
17.480957970189433
17.4681366375419
17.455340422018185
17.442569246418973
17.429823033989322
17.4171017084174
17.404405193833206
17.391733414807362
17.37908629634993
17.366463763909238
17.353865743370775
17.341292161056096
17.32874294372177
17.31621801855837
17.303717313189466
17.2912407556707
17.27878827448887
17.26635979856104
17.25395525723371
17.24157458028201
17.229217697908933
17.2168845407446
17.204575039845587
17.192289126694245
17.180026733198115
17.167787791689328
17.155572234924087
17.143379996082174
17.131211008766485
17.119065207002627
17.106942525238548
17.094842898344204
17.082766261611283
17.07071255075297
17.058681701903726
17.04667365161918
17.034688336875973
17.02272569507176
17.010785664025143
16.998868181975737
16.986973187584272
16.97510061993269
16.963250418524364
16.951422523284325
16.939616874559544
16.92783341311929
16.916072080155523
16.904332817283333
16.892615566541473
16.880920270392892
16.8692468717254
16.85759531385232
16.845965540513227
16.834357495874773
16.822771124531553
16.811206371507023
16.79966318225449
16.78814150265821
16.776641279034465
16.765162458132817
16.753704987137343
16.742268813667994
16.730853885782004
16.71946015197538
16.708087561184477
16.69673606278764
16.68540560660694
16.674096142909967
16.66280762241175
16.651539996276703
16.64029321612072
16.629067234013327
16.617862002479917
16.606677474504114
16.595513603530186
16.584370343465626
16.573247648683747
16.56214547402645
16.55106377480708
16.540002506813355
16.528961626310476
16.51794109004427
16.506940855244522
16.495960879628388
16.485001121403933
16.474061539273812
16.46314209243906
16.452242740603044
16.441363443975515
16.43050416327683
16.419664859742305
16.408845495126723
16.39804603170898
16.387266432296904
16.37650666023223
16.365766679395726
16.355046454212513
16.344345949657544
16.33366513126125
16.3230039651154
16.31236241787914
16.301740456785208
16.291138049646367
16.280555164862065
16.269991771425243
16.259447838929443
16.248923337576088
16.238418238182007
16.227932512187202
16.21746613166287
16.20701906931966
16.196591298516203
16.18618279326793
16.175793528256108
16.16542347883725
16.155072621052756
16.14474093163888
16.134428388036998
16.12413496840424
16.11386065162442
16.103605417319322
16.09336924586035
16.083152118380543
16.072954016786973
16.062774923773535
16.052614822834148
16.04247369827637
16.03235153523547
16.022248319688902
16.012164038471308
16.002098679289954
15.992052230740663
15.982024682324308
15.972016024463793
15.962026248521594
15.952055346817891
15.942103312649266
15.932170140308035
15.922255825102187
15.912360363376017
15.90248375253139
15.892625991049773
15.88278707851493
15.872967015636437
15.863165804273935
15.853383447462221
15.843619949437198
15.833875315662665
15.824149552858056
15.814442669027114
15.804754673487514
15.79508557690157
15.78543539130795
15.775804130154501
15.766191808332247
15.756598442210542
15.747024049673477
15.737468650157572
15.727932264690809
15.718414915933039
15.708916628217874
15.699437427596058
15.689977341880407
15.680536400692407
15.671114635510506
15.66171207972017
15.652328768665816
15.642964739704645
15.63362003226251
15.624294687891874
15.614988750331955
15.60570226557117
15.596435281911946
15.587187850038038
15.577960023084442
15.568751856710035
15.55956340917304
15.55039474140948
15.541245917114733
15.532117002828324
15.523008068022138
15.513919185192167
15.50485042995401
15.495801881142246
15.486773620913917
15.477765734856275
15.46877831209904
15.459811445431342
15.45086523142362
15.44193977055469
15.433035167344267
15.424151530491184
15.415288973017617
15.406447612419608
15.397627570824232
15.388828975153698
15.38005195729681
15.371296654288134
15.362563208495265
15.353851767814666
15.345162485876518
15.336495522259028
15.327851042712792
15.319229219395687
15.310630231118916
15.302054263604804
15.293501509757037
15.284972169944005
15.276466452296031
15.26798457301726
15.259526756713093
15.25109323673404
15.242684255536961
15.234300065064778
15.22594092714571
15.217607113913227
15.209298908248023
15.201016604243334
15.192760507695045
15.184530936618165
15.176328221791346
15.168152707331204
15.160004751298393
15.151884726337508
15.143793020352994
15.135730037223528
15.127696197557361
15.11969193949147
15.111717719537504
15.103774013477667
15.095861317314162
15.087980148275868
15.080131045886342
15.072314573097572
15.064531317494279
15.056781892573882
15.04906693910782
15.04138712659028
15.033743154781009
15.026135755349362
15.01856569362752
15.011033770481388
15.003540824308505
14.996087733173225
14.988675417090231
14.98130484046867
14.973977014730162
14.96669300111544
14.959453913695597
14.952260922605673
14.945115257519948
14.938018211390427
14.930971144472013
14.92397548866051
14.917032752172174
14.910144524596777
14.903312482359421
14.896538394630387
14.889824129726543
14.883171662052852
14.876583079638014
14.870060592324599
14.863606540681184
14.857223405711952
14.850913819448678
14.844680576520197
14.838526646806637
14.832455189299312
14.826469567302809
14.820573365133923
14.814770406492757
14.809064774705277
14.8034608350643
14.797963259527991
14.792577054072272
14.787307589037008
14.782160632856689
14.777142389625844
14.772259541019457
14.767519293171107
14.76292942920916
14.758498368267047
14.754235231921488
14.750149919177037
14.746253191312732
14.742556768144045
14.73907343754042
14.735817180386796
14.732803313602043
14.73004865434667
14.727571709191436
14.725392892808674
14.723534781730153
14.722022409942792
14.720883614636305
14.720149442368271
14.719854628396202
14.720038165110303
14.720743979611582
14.722021745828796
14.723927863584342
14.726526646304393
14.729891771470479
14.734108064641031
14.739273710685234
14.745503017339475
14.752929900142083
14.761712320001164
14.772037993974612
14.784131830169168
14.798265731141989
14.814771702929265
14.834059659161815
14.856642025143401
14.883168408100191
14.91447554095256
14.951661060861216
14.99619570241792
15.05009976912202
15.116232013383664
15.198785750597125
15.30419243936369
15.4428936328641
15.63316669966164
15.910543712923424
16.355927912953558
17.21122855933708
19.840950164868364
18.89639974024377
9.026309802397948
23.228538506925137
26.67291856117009
36.75636035802441
24.998669333867515
26.189064714234224
24.845980371898925
23.89179371491225
23.48350074707513
23.089638495653475
22.789113458342523
22.544171917313193
22.33903469493058
22.16468701676165
22.0142275256336
21.88278099930467
21.766744578708717
21.663391753764536
21.570619022397143
21.486774722899643
21.410542144095544
21.340857459971502
21.276850897645655
21.2178037611875
21.16311650581989
21.112284660857455
21.064880422981336
21.0205384096169
20.97894450742502
20.939827053158428
20.902949792799614
20.86810621120426
20.835114928529713
20.803815934710638
20.774067487937263
20.74574354343724
20.718731608937713
20.692930945824273
20.66825105221303
20.64461037733033
20.621935226774287
20.600158826154402
20.579220516815738
20.559065062254483
20.539642047724
20.52090535864001
20.502812725892596
20.485325328191614
20.468407443212115
20.45202614064432
20.43615101135053
20.420753927734854
20.405808831179744
20.391291543024046
20.377179596075486
20.363452084083697
20.350089526964283
20.33707374987112
20.324387774473838
20.312015721017648
20.299942719930094
20.288154831899238
20.27663897548499
20.2653828614425
20.254374933038118
20.2436043117253
20.233060747623796
20.222734574310625
20.212616667488348
20.202698407145792
20.192971642869566
20.183428662002548
20.17406216037886
20.164865215393736
20.15583126119257
20.146954065785934
20.138227709917256
20.129646567527708
20.12120528767829
20.112898777803185
20.10472218818065
20.096670897518873
20.088740499563933
20.080926790645826
20.07322575808632
20.06563356939947
20.05814656222194
20.05076123491585
20.043474237792076
20.03628236490648
20.029182546385588
20.02217184124216
20.015247430644244
20.00840661160458
20.00164679105984
19.9949654803117
19.98836028980414
19.98182892421333
19.97536917782834
19.96897893020274
19.962656142058556
19.95639885142563
19.95020517000065
19.944073279711333
19.938001429472298
19.931987932120286
19.926031161517095
19.920129549809644
19.914281584837262
19.90848580767694
19.9027408103181
19.897045233458893
19.89139776441663
19.885797135145506
19.88024212035519
19.874731535724354
19.86926423620349
19.863839114401944
19.858455099054172
19.85311115356083
19.847806274600327
19.842539490806995
19.837309861512068
19.832116475544062
19.826958450085243
19.821834929581208
19.816745084700628
19.81168811134252
19.806663229688475
19.80166968329759
19.796706738241653
19.791773682278773
19.78686982406318
19.78199449238961
19.77714703547032
19.772326820243215
19.767533231709443
19.762765672299107
19.758023561263567
19.753306334093136
19.748613441958927
19.743944351177632
19.739298542698172
19.734675511609183
19.73007476666636
19.72549582983867
19.720938235872637
19.716401531873814
19.711885276904635
19.707389041597988
19.70291240778566
19.698454968141125
19.69401632583593
19.68959609420912
19.685193896449128
19.68080936528758
19.676442142704456
19.67209187964419
19.66775823574216
19.663440879061223
19.659139485837713
19.654853740236685
19.650583334115854
19.646327966798022
19.642087344851465
19.637861181878115
19.63364919830913
19.629451121207552
19.625266684077808
19.621095626681736
19.616937694860898
19.612792640364948
19.608660220685742
19.604540198897073
19.600432343499698
19.596336428271588
19.59225223212299
19.58817953895639
19.58411813753091
19.580067821331223
19.576028388440594
19.571999641418067
19.567981387179536
19.563973436882602
19.559975605815044
19.555987713286836
19.55200958252548
19.548041040574617
19.544081918195804
19.540132049773227
19.536191273221423
19.532259429895717
19.528336364505442
19.524421925029742
19.52051596263588
19.516618331599997
19.512728889230235
19.508847495792097
19.504974014436016
19.501108311127023
19.497250254576482
19.493399716175784
19.489556569931953
19.48572069240506
19.481891962647502
19.478070262144918
19.47425547475881
19.470447486670786
19.466646186328315
19.462851464392067
19.459063213684626
19.455281329140664
19.45150570775848
19.447736248552847
19.44397285250914
19.44021542253873
19.43646386343554
19.43271808183379
19.42897798616686
19.425243486627263
19.42151449512763
19.41779092526278
19.414072692272736
19.41035971300675
19.406651905888197
19.40294919088047
19.399251489453643
19.395558724552078
19.391870820562822
19.38818770328479
19.38450929989877
19.38083553893814
19.37716635026035
19.37350166501909
19.369841415637197
19.36618553578015
19.362533960330317
19.35888662536175
19.355243468115663
19.351604426976447
19.347969441448306
19.344338452132458
19.34071140070485
19.33708822989445
19.33346888346202
19.329853306179427
19.32624144380941
19.322633243085832
19.319028651694435
19.315427618253977
19.311830092297875
19.308236024256207
19.304645365438212
19.301058068015095
19.297474085003323
19.293893370248224
19.290315878408
19.28674156493811
19.283170386075977
19.279602298826035
19.27603726094516
19.27247523092837
19.26891616799488
19.265360032074437
19.261806783793975
19.25825638446458
19.254708796068687
19.25116398124762
19.247621903289357
19.244082526116582
19.24054581427497
19.23701173292178
19.23348024781461
19.229951325300473
19.226424932305044
19.222901036322174
19.21937960540362
19.215860608148958
19.212344013695745
19.208829791709874
19.20531791237613
19.20180834638895
19.198301064943344
19.19479603972603
19.19129324290677
19.18779264712983
19.184294225505656
19.180797951602706
19.17730379943945
19.17381174347651
19.170321758609013
19.16683382015903
19.163347903868214
19.159863985890553
19.156382042785303
19.152902051510036
19.1494239894138
19.145947834230498
19.142473564072287
19.139001157423177
19.135530593132767
19.132061850410036
19.12859490881731
19.12512974826431
19.121666349002357
19.11820469161865
19.114744757030646
19.1112865264806
19.107829981530156
19.10437510405506
19.100921876239976
19.09747028057339
19.09402029984263
19.090571917128933
19.08712511580267
19.08367987951861
19.08023619221127
19.07679403809039
19.073353401636464
19.069914267596353
19.066476620978968
19.06304044705108
19.059605731333136
19.056172459595217
19.05274061785302
19.049310192363922
19.04588116962316
19.042453536360025
19.039027279534125
19.035602386331757
19.0321788441623
19.028756640654706
19.025335763654034
19.021916201218044
19.018497941613845
19.015080973314646
19.01166528499648
19.00825086553508
19.004837704002746
19.001425789665266
18.99801511197894
18.994605660587613
18.99119742531976
18.98779039618562
18.98438456337443
18.980979917251627
18.977576448356146
18.97417414739777
18.970773005254483
18.967373012969905
18.96397416175077
18.960576442964406
18.957179848136313
18.95378436894774
18.950389997233316
18.946996724978725
18.94360454431841
18.94021344753333
18.936823427048726
18.93343447543196
18.93004658539035
18.92665974976908
18.92327396154912
18.919889213845188
18.916505499903717
18.913122813100923
18.909741146940824
18.906360495053327
18.902980851192385
18.8996022092341
18.896224563174947
18.892847907129923
18.889472235330835
18.886097542124542
18.882723821971236
18.879351069442777
18.87597927922103
18.87260844609624
18.869238564965418
18.865869630830765
18.862501638798125
18.859134584075456
18.855768461971305
18.852403267893344
18.849038997346895
18.845675645933518
18.84231320934956
18.838951683384778
18.835591063920987
18.832231346930666
18.82887252847566
18.82551460470585
18.82215757185789
18.81880142625389
18.815446164300212
18.812091782486196
18.808738277382982
18.80538564564228
18.802033883995218
18.798682989251176
18.795332958296623
18.791983788094008
18.788635475680643
18.78528801816763
18.78194141273875
18.77859565664942
18.775250747225662
18.771906681863037
18.76856345802566
18.765221073245193
18.761879525119845
18.75853881131342
18.755198929554357
18.751859877634764
18.74852165340953
18.74518425479536
18.741847679769922
18.738511926370915
18.73517699269522
18.73184287689801
18.72850957719194
18.72517709184625
18.72184541918599
18.718514557591178
18.715184505495998
18.711855261388006
18.70852682380735
18.705199191346015
18.70187236264703
18.698546336403748
18.695221111359107
18.69189668630487
18.688573060080955
18.68525023157468
18.681928199720108
18.67860696349732
18.675286521931767
18.671966874093588
18.668648019096953
18.6653299560994
18.662012684301217
18.658696202944782
18.65538051131398
18.652065608733533
18.64875149456844
18.645438168223354
18.642125629141994
18.638813876806573
18.63550291073721
18.632192730491383
18.62888333566335
18.625574725883602
18.622266900818342
18.618959860168914
18.61565360367129
18.612348131095562
18.609043442245405
18.605739536957582
18.602436415101444
18.59913407657842
18.595832521321555
18.592531749295013
18.589231760493593
18.585932554942293
18.58263413269581
18.579336493838106
18.576039638481973
18.572743566768544
18.569448278866904
18.566153774973632
18.562860055312367
18.559567120133423
18.55627496971333
18.55298360435446
18.549693024384602
18.546403230156578
18.543114222047837
18.539826000460067
18.536538565818827
18.533251918573157
18.5299660591952
18.52668098817984
18.523396706044355
18.520113213328024
18.5168305105918
18.51354859841795
18.51026747740972
18.506987148190976
18.503707611405883
18.50042886771858
18.497150917812835
18.493873762391726
18.490597402177336
18.48732183791042
18.484047070350115
18.480773100273606
18.477499928475854
18.474227555769282
18.47095598298347
18.46768521096488
18.464415240576574
18.46114607269791
18.45787770822428
18.45461014806682
18.451343393152147
18.448077444422086
18.444812302833412
18.44154796935757
18.438284444980432
18.435021730702037
18.431759827536343
18.428498736510964
18.42523845866694
18.421978995058478
18.418720346752735
18.41546251482956
18.412205500381262
18.408949304512404
18.405693928339538
18.40243937299101
18.399185639606728
18.39593272933794
18.392680643347013
18.38942938280724
18.386178948902607
18.382929342827595
18.37968056578698
18.376432618995608
18.37318550367823
18.36993922106926
18.366693772412624
18.363449158961547
18.36020538197835
18.356962442734282
18.35372034250933
18.35047908259203
18.34723866427929
18.343999088876206
18.340760357695906
18.337522472059337
18.33428543329514
18.331049242739443
18.327813901735716
18.32457941163459
18.321345773793702
18.318112989577536
18.31488106035726
18.31164998751057
18.30841977242153
18.30519041648043
18.301961921083613
18.298734287633366
18.29550751753772
18.29228161221035
18.2890565730704
18.28583240154236
18.28260909905593
18.27938666704584
18.276165106951787
18.272944420218224
18.26972460829428
18.266505672633595
18.26328761469422
18.260070435938463
18.256854137832775
18.25363872184763
18.250424189457384
18.24721054214017
18.243997781377775
18.240785908655514
18.237574925462123
18.234364833289632
18.23115563363326
18.2279473279913
18.224739917865005
18.22153340475848
18.21832779017857
18.215123075634768
18.211919262639093
18.208716352705984
18.205514347352214
18.202313248096775
18.19911305646078
18.195913773967366
18.192715402141594
18.189517942510356
18.18632139660228
18.183125765947633
18.179931052078224
18.17673725652733
18.173544380829572
18.170352426520875
18.167161395138333
18.16397128822014
18.16078210730552
18.157593853934614
18.154406529648423
18.151220135988698
18.14803467449789
18.14485014671904
18.141666554195726
18.138483898471964
18.135302181092136
18.132121403600923
18.128941567543226
18.125762674464085
18.12258472590861
18.119407723421915
18.116231668549037
18.11305656283487
18.1098824078241
18.106709205061122
18.10353695609
18.10036566245437
18.097195325697392
18.09402594736168
18.090857528989243
18.087690072121415
18.084523578298793
18.08135804906119
18.078193485947548
18.075029890495905
18.071867264243323
18.068705608725825
18.065544925478356
18.06238521603471
18.059226481927464
18.056068724687965
18.052911945846237
18.049756146930932
18.046601329469304
18.043447494987124
18.040294645008647
18.03714278105656
18.033991904651927
18.030842017314146
18.0276931205609
18.02454521590811
18.021398304869866
18.01825238895842
18.015107469684114
18.011963548555347
18.008820627078514
18.00567870675798
18.00253778909603
17.999397875592834
17.996258967746375
17.99312106705246
17.989984175004633
17.986848293094162
17.98371342280998
17.980579565638664
17.977446723064382
17.974314896568877
17.9711840876314
17.96805429772869
17.96492552833495
17.96179778092178
17.958671056958185
17.95554535791049
17.95242068524236
17.94929704041471
17.946174424885726
17.943052840110795
17.93993228754249
17.936812768630535
17.933694284821776
17.93057683756015
17.927460428286654
17.924345058439314
17.921230729453164
17.918117442760206
17.91500519978939
17.911894001966594
17.908783850714574
17.90567474745296
17.902566693598217
17.899459690563635
17.89635373975927
17.893248842591966
17.890145000465296
17.887042214779548
17.8839404869317
17.88083981831541
17.877740210320965
17.874641664335297
17.87154418174192
17.86844776392094
17.86535241224902
17.862258128099363
17.85916491284169
17.856072767842218
17.85298169446364
17.849891694065118
17.84680276800225
17.843714917627057
17.840628144287958
17.83754244932977
17.83445783409367
17.83137429991719
17.82829184813419
17.825210480074855
17.822130197065682
17.81905100042943
17.815972891485156
17.81289587154815
17.80981994192996
17.80674510393835
17.8036713588773
17.800598708046987
17.797527152743776
17.79445669426021
17.791387333884973
17.7883190729029
17.78525191259498
17.782185854238296
17.779120899106054
17.77605704846756
17.772994303588202
17.76993266572944
17.766872136148805
17.76381271609989
17.76075440683231
17.75769720959174
17.754641125619862
17.751586156154378
17.748532302429
17.745479565673435
17.742427947113377
17.739377447970504
17.73632806946246
17.73327981280286
17.73023267920127
17.727186669863205
17.724141785990128
17.721098028779426
17.71805539942443
17.71501389911437
17.711973529034417
17.708934290365633
17.705896184284985
17.702859211965347
17.69982337457547
17.696788673280007
17.69375510923948
17.690722683610296
17.687691397544736
17.684661252190942
17.681632248692924
17.67860438819055
17.675577671819546
17.672552100711485
17.669527675993788
17.666504398789733
17.663482270218427
17.660461291394824
17.657441463429716
17.654422787429723
17.651405264497303
17.648388895730736
17.645373682224132
17.64235962506744
17.639346725346414
17.636334984142643
17.633324402533532
17.63031498159231
17.627306722388017
17.624299625985525
17.621293693445512
17.618288925824483
17.61528532417475
17.61228288954445
17.609281622977534
17.60628152551376
17.60328259818873
17.60028484203383
17.597288258076283
17.59429284733913
17.59129861084123
17.588305549597248
17.585313664617704
17.582322956908907
17.579333427473014
17.576345077307984
17.57335790740763
17.570371918761577
17.567387112355284
17.564403489170054
17.561421050183007
17.558439796367114
17.55545972869118
17.55248084811986
17.549503155613642
17.546526652128883
17.543551338617767
17.54057721602835
17.537604285304532
17.534632547386092
17.53166200320865
17.52869265370371
17.52572449979865
17.522757542416702
17.519791782477
17.516827220894548
17.51386385858024
17.51090169644086
17.507940735379087
17.504980976293506
17.5020224200786
17.499065067624755
17.496108919818283
17.493153977541407
17.490200241672277
17.48724771308496
17.484296392649473
17.48134628123176
17.478397379693714
17.47544968889317
17.47250320968392
17.469557942915724
17.4666138894343
17.46367105008133
17.460729425694495
17.457789017107434
17.454849825149793
17.451911850647203
17.448975094421304
17.44603955728974
17.443105240066163
17.440172143560257
17.43724026857772
17.4343096159203
17.43138018638576
17.428451980767935
17.425524999856698
17.422599244437993
17.41967471529382
17.41675141320226
17.41382933893748
17.410908493269726
17.40798887696534
17.405070490786777
17.4021533354926
17.399237411837483
17.396322720572226
17.39340926244377
17.390497038195196
17.387586048565733
17.384676294290752
17.381767776101814
17.37886049472663
17.37595445088911
17.373049645309333
17.370146078703588
17.36724375178437
17.364342665260374
17.361442819836533
17.358544216213993
17.35564685509015
17.352750737158637
17.349855863109358
17.34696223362846
17.34406984939838
17.341178711097825
17.338288819401797
17.335400174981594
17.332512778504828
17.329626630635413
17.326741732033604
17.32385808335598
17.320975685255473
17.318094538381356
17.315214643379274
17.312336000891236
17.30945861155564
17.30658247600726
17.303707594877284
17.3008339687933
17.29796159837931
17.29509048425576
17.292220627039505
17.28935202734388
17.28648468577865
17.283618602950057
17.28075377946082
17.277890215910137
17.275027912893705
17.272166871003723
17.269307090828914
17.266448572954513
17.263591317962298
17.260735326430584
17.257880598934253
17.255027136044742
17.252174938330068
17.24932400635483
17.246474340680226
17.24362594186405
17.24077881046072
17.237932947021292
17.235088352093427
17.232245026221463
17.229402969946374
17.226562183805818
17.223722668334116
17.22088442406229
17.21804745151805
17.215211751225823
17.21237732370676
17.20954416947873
17.206712289056345
17.203881682950982
17.201052351670775
17.198224295720614
17.1953975156022
17.19257201181401
17.189747784851335
17.186924835206277
17.184103163367773
17.181282769821586
17.17846365505034
17.175645819533507
17.172829263747445
17.170013988165376
17.167199993257434
17.164387279490636
17.16157584732893
17.158765697233175
17.155956829661175
17.15314924506769
17.15034294390443
17.147537926620068
17.14473419366027
17.141931745467687
17.13913058248198
17.136330705139816
17.133532113874896
17.130734809117953
17.127938791296767
17.12514406083618
17.122350618158112
17.11955846368155
17.116767597822587
17.113978020994413
17.111189733607336
17.108402736068797
17.105617028783367
17.102832612152767
17.100049486575887
17.09726765244879
17.094487110164714
17.09170786011409
17.088929902684583
17.08615323826104
17.08337786722556
17.080603789957483
17.077831006833392
17.07505951822714
17.072289324509857
17.06952042604996
17.066752823213157
17.06398651636248
17.06122150585827
17.05845779205821
17.055695375317324
17.052934255987985
17.050174434419954
17.047415910960353
17.044658685953703
17.041902759741927
17.039148132664355
17.036394805057757
17.033642777256322
17.03089204959171
17.028142622393023
17.025394495986845
17.022647670697236
17.019902146845755
17.017157924751473
17.01441500473097
17.011673387098366
17.00893307216531
17.006194060241018
17.003456351632263
17.000719946643393
16.997984845576344
16.99525104873066
16.99251855640349
16.9897873688896
16.987057486481405
16.98432890946895
16.98160163813995
16.97887567277978
16.976151013671497
16.973427661095865
16.97070561533133
16.967984876654068
16.965265445337973
16.96254732165468
16.959830505873576
16.957114998261815
16.95440079908432
16.951687908603784
16.948976327080715
16.946266054773428
16.943557091938043
16.94084943882853
16.93814309569668
16.935438062792155
16.932734340362476
16.930031928653033
16.92733082790712
16.92463103836591
16.92193256026851
16.91923539385193
16.916539539351124
16.913844996998986
16.91115176702637
16.908459849662098
16.905769245132966
16.903079953663763
16.900391975477284
16.89770531079433
16.89501995983373
16.89233592281235
16.889653199945094
16.886971791444942
16.884291697522926
16.881612918388164
16.87893545424787
16.87625930530735
16.873584471770034
16.870910953837473
16.868238751709356
16.865567865583515
16.86289829565595
16.86023004212081
16.857563105170446
16.854897484995384
16.852233181784364
16.84957019572433
16.846908527000455
16.84424817579614
16.841589142293042
16.838931426671063
16.836275029108382
16.83361994978145
16.83096618886501
16.828313746532093
16.825662622954056
16.823012818300562
16.820364332739615
16.81771716643756
16.815071319559085
16.81242679226725
16.809783584723476
16.80714169708758
16.80450112951777
16.801861882170652
16.799223955201253
16.796587348763016
16.793952063007826
16.791318098086006
16.788685454146343
16.786054131336083
16.78342412980095
16.78079544968514
16.77816809113137
16.77554205428083
16.772917339273253
16.770293946246873
16.767671875338475
16.765051126683378
16.762431700415462
16.75981359666716
16.757196815569486
16.75458135725203
16.751967221842975
16.749354409469102
16.746742920255812
16.744132754327115
16.741523911805647
16.73891639281269
16.73631019746817
16.733705325890664
16.731101778197417
16.72849955450435
16.725898654926052
16.723299079575817
16.720700828565633
16.7181039020062
16.71550830000692
16.71291402267594
16.710321070120123
16.70772944244508
16.705139139755172
16.702550162153514
16.69996250974199
16.697376182621255
16.694791180890743
16.692207504648685
16.6896251539921
16.687044129016815
16.684464429817467
16.681886056487514
16.67930900911924
16.676733287803764
16.674158892631038
16.671585823689867
16.669014081067917
16.66644366485171
16.663874575126627
16.661306811976942
16.658740375485788
16.656175265735207
16.653611482806127
16.65104902677837
16.64848789773068
16.645928095740686
16.64336962088496
16.640812473238988
16.63825665287719
16.635702159872906
16.633148994298434
16.630597156225008
16.62804664572281
16.625497462860988
16.622949607707636
16.62040308032982
16.617857880793576
16.61531400916391
16.61277146550481
16.61023024987924
16.60769036234916
16.605151802975506
16.602614571818215
16.600078668936217
16.597544094387448
16.595010848228842
16.592478930516343
16.589948341304904
16.587419080648484
16.584891148600065
16.582364545211632
16.579839270534208
16.577315324617814
16.57479270751152
16.57227141926339
16.569751459920543
16.567232829529104
16.564715528134233
16.562199555780122
16.559684912509983
16.557171598366075
16.554659613389664
16.552148957621064
16.549639631099616
16.54713163386368
16.544624965950653
16.542119627396968
16.539615618238066
16.537112938508436
16.534611588241575
16.532111567470004
16.529612876225272
16.527115514537943
16.524619482437597
16.522124779952822
16.51963140711123
16.517139363939425
16.514648650463023
16.51215926670664
16.50967121269389
16.50718448844736
16.504699093988656
16.502215029338338
16.49973229451596
16.497250889540044
16.49477081442808
16.492292069196505
16.489814653860734
16.487338568435103
16.48486381293291
16.48239038736638
16.479918291746653
16.477447526083807
16.474978090386816
16.472509984663557
16.470043208920806
16.467577763164222
