1.000000
0.999715
0.999495
0.999254
0.999017
0.998779
0.998541
0.998304
0.998066
0.997828
0.997591
0.997353
0.997115
0.996877
0.996639
0.996402
0.996164
0.995926
0.995688
0.995450
0.995212
0.994974
0.994736
0.994498
0.994260
0.994022
0.993784
0.993546
0.993308
0.993070
0.992832
0.992594
0.992355
0.992117
0.991879
0.991641
0.991402
0.991164
0.990925
0.990687
0.990448
0.990209
0.989971
0.989732
0.989493
0.989254
0.989015
0.988776
0.988537
0.988298
0.988058
0.987819
0.987579
0.987340
0.987100
0.986860
0.986620
0.986380
0.986140
0.985900
0.985660
0.985419
0.985179
0.984938
0.984697
0.984456
0.984215
0.983974
0.983733
0.983491
0.983250
0.983008
0.982766
0.982524
0.982282
0.982040
0.981798
0.981555
0.981313
0.981070
0.980827
0.980584
0.980341
0.980098
0.979854
0.979611
0.979367
0.979123
0.978879
0.978635
0.978391
0.978147
0.977902
0.977658
0.977413
0.977168
0.976924
0.976679
0.976434
0.976189
0.975943
0.975698
0.975453
0.975207
0.974961
0.974716
0.974470
0.974224
0.973978
0.973732
0.973487
0.973241
0.972994
0.972748
0.972502
0.972256
0.972010
0.971764
0.971518
0.971272
0.971025
0.970779
0.970533
0.970287
0.970041
0.969795
0.969549
0.969303
0.969057
0.968811
0.968565
0.968320
0.968074
0.967829
0.967583
0.967338
0.967093
0.966848
0.966603
0.966358
0.966113
0.965869
0.965624
0.965380
0.965136
0.964892
0.964648
0.964405
0.964161
0.963918
0.963675
0.963433
0.963190
0.962948
0.962706
0.962464
0.962222
0.961981
0.961739
0.961499
0.961258
0.961017
0.960777
0.960538
0.960298
0.960059
0.959820
0.959581
0.959342
0.959104
0.958867
0.958629
0.958392
0.958155
0.957918
0.957682
0.957446
0.957210
0.956975
0.956740
0.956505
0.956271
0.956037
0.955803
0.955570
0.955337
0.955104
0.954872
0.954640
0.954409
0.954177
0.953946
0.953716
0.953485
0.953256
0.953026
0.952797
0.952568
0.952339
0.952111
0.951883
0.951656
0.951429
0.951202
0.950975
0.950749
0.950524
0.950298
0.950073
0.949848
0.949624
0.949399
0.949176
0.948952
0.948729
0.948506
0.948283
0.948061
0.947839
0.947617
0.947396
0.947175
0.946954
0.946734
0.946513
0.946294
0.946074
0.945855
0.945635
0.945417
0.945198
0.944980
0.944762
0.944544
0.944326
0.944109
0.943892
0.943675
0.943459
0.943242
0.943026
0.942810
0.942595
0.942379
0.942164
0.941949
0.941734
0.941520
0.941305
0.941091
0.940877
0.940663
0.940450
0.940236
0.940023
0.939810
0.939597
0.939385
0.939172
0.938960
0.938748
0.938536
0.938324
0.938113
0.937901
0.937690
0.937479
0.937268
0.937057
0.936847
0.936636
0.936426
0.936216
0.936006
0.935797
0.935587
0.935378
0.935169
0.934960
0.934751
0.934543
0.934334
0.934126
0.933918
0.933710
0.933503
0.933295
0.933088
0.932881
0.932674
0.932468
0.932262
0.932055
0.931850
0.931644
0.931439
0.931233
0.931029
0.930824
0.930620
0.930415
0.930212
0.930008
0.929805
0.929602
0.929399
0.929196
0.928994
0.928792
0.928591
0.928390
0.928189
0.927988
0.927788
0.927588
0.927388
0.927189
0.926990
0.926792
0.926594
0.926396
0.926199
0.926002
0.925805
0.925609
0.925413
0.925218
0.925023
0.924828
0.924634
0.924440
0.924247
0.924054
0.923862
0.923670
0.923479
0.923288
0.923097
0.922907
0.922717
0.922528
0.922340
0.922152
0.921964
0.921777
0.921590
0.921404
0.921219
0.921034
0.920849
0.920665
0.920482
0.920299
0.920116
0.919934
0.919753
0.919572
0.919392
0.919212
0.919033
0.918854
0.918676
0.918499
0.918322
0.918146
0.917970
0.917794
0.917620
0.917446
0.917272
0.917099
0.916927
0.916755
0.916583
0.916413
0.916243
0.916073
0.915904
0.915735
0.915568
0.915400
0.915233
0.915067
0.914901
0.914736
0.914572
0.914408
0.914244
0.914081
0.913919
0.913757
0.913596
0.913435
0.913275
0.913115
0.912956
0.912798
0.912640
0.912482
0.912325
0.912168
0.912012
0.911857
0.911702
0.911548
0.911394
0.911240
0.911087
0.910935
0.910782
0.910631
0.910480
0.910329
0.910179
0.910029
0.909880
0.909731
0.909583
0.909435
0.909288
0.909141
0.908994
0.908848
0.908702
0.908557
0.908412
0.908268
0.908124
0.907980
0.907837
0.907694
0.907551
0.907409
0.907268
0.907126
0.906985
0.906845
0.906705
0.906565
0.906425
0.906286
0.906147
0.906009
0.905871
0.905733
0.905596
0.905459
0.905322
0.905186
0.905050
0.904915
0.904779
0.904644
0.904510
0.904376
0.904242
0.904108
0.903975
0.903842
0.903709
0.903577
0.903445
0.903314
0.903183
0.903052
0.902921
0.902791
0.902661
0.902532
0.902403
0.902274
0.902146
0.902018
0.901890
0.901763
0.901636
0.901509
0.901383
0.901257
0.901132
0.901007
0.900882
0.900758
0.900634
0.900510
0.900387
0.900265
0.900142
0.900021
0.899899
0.899778
0.899658
0.899538
0.899418
0.899299
0.899180
0.899062
0.898944
0.898827
0.898710
0.898593
0.898478
0.898362
0.898247
0.898133
0.898019
0.897906
0.897793
0.897680
0.897569
0.897457
0.897347
0.897237
0.897127
0.897018
0.896909
0.896801
0.896694
0.896587
0.896481
0.896375
0.896270
0.896166
0.896062
0.895959
0.895856
0.895754
0.895653
0.895552
0.895452
0.895352
0.895253
0.895155
0.895057
0.894960
0.894864
0.894768
0.894673
0.894578
0.894485
0.894391
0.894299
0.894207
0.894116
0.894025
0.893935
0.893846
0.893758
0.893670
0.893582
0.893496
0.893410
0.893325
0.893240
0.893156
0.893073
0.892991
0.892909
0.892827
0.892747
0.892667
0.892588
0.892509
0.892431
0.892354
0.892277
0.892201
0.892126
0.892051
0.891977
0.891904
0.891831
0.891759
0.891688
0.891617
0.891547
0.891477
0.891408
0.891340
0.891272
0.891205
0.891139
0.891073
0.891008
0.890943
0.890879
0.890816
0.890753
0.890691
0.890629
0.890568
0.890507
0.890448
0.890388
0.890329
0.890271
0.890213
0.890156
0.890099
0.890043
0.889988
0.889933
0.889878
0.889824
0.889771
0.889718
0.889665
0.889613
0.889562
0.889511
0.889460
0.889410
0.889361
0.889312
0.889263
0.889215
0.889167
0.889120
0.889073
0.889027
0.888981
0.888936
0.888891
0.888846
0.888802
0.888758
0.888715
0.888672
0.888630
0.888588
0.888546
0.888505
0.888464
0.888424
0.888384
0.888344
0.888305
0.888266
0.888228
0.888190
0.888152
0.888115
0.888078
0.888042
0.888006
0.887970
0.887935
0.887900
0.887866
0.887832
0.887798
0.887765
0.887732
0.887700
0.887668
0.887636
0.887605
0.887574
0.887544
0.887514
0.887484
0.887455
0.887427
0.887398
0.887370
0.887343
0.887316
0.887290
0.887263
0.887238
0.887213
0.887188
0.887164
0.887140
0.887117
0.887094
0.887071
0.887049
0.887028
0.887007
0.886987
0.886967
0.886947
0.886929
0.886910
0.886892
0.886875
0.886858
0.886842
0.886826
0.886811
0.886797
0.886783
0.886769
0.886756
0.886744
0.886732
0.886721
0.886710
0.886700
0.886691
0.886682
0.886674
0.886666
0.886659
0.886653
0.886647
0.886642
0.886638
0.886634
0.886631
0.886628
0.886626
0.886625
0.886624
0.886624
0.886625
0.886626
0.886628
0.886631
0.886634
0.886638
0.886643
0.886648
0.886654
0.886661
0.886669
0.886677
0.886685
0.886695
0.886705
