38.474020
38.428550
38.384733
38.324080
38.248124
38.155888
38.047946
37.924889
37.787399
37.636241
37.472238
37.296253
37.109178
36.911915
36.705371
36.490441
36.268006
36.038918
35.804004
35.564049
35.319805
35.071977
34.821229
34.568180
34.313404
34.057433
33.800753
33.543810
33.287009
33.030717
32.775266
32.520951
32.268040
32.016765
31.767336
31.519934
31.274719
31.031828
30.791378
30.553470
30.318186
30.085596
29.855756
29.628709
29.404487
29.183115
28.964605
28.748966
28.536198
28.326293
28.119241
27.915025
27.713626
27.515019
27.319178
27.126072
26.935671
26.747940
26.562844
26.380346
26.200408
26.022992
25.848057
25.675564
25.505473
25.337743
25.172334
25.009205
24.848315
24.689625
24.533095
24.378684
24.226355
24.076068
23.927784
23.781467
23.637079
23.494584
23.353945
23.215128
23.078096
22.942818
22.809258
22.677384
22.547164
22.418566
22.291559
22.166114
22.042199
21.919788
21.798850
21.679358
21.561285
21.444605
21.329291
21.215317
21.102660
20.991294
20.881196
20.772343
20.664711
20.558279
20.453025
20.348927
20.245965
20.144119
20.043368
19.943694
19.845077
19.747499
19.650942
19.555387
19.460819
19.367219
19.274571
19.182859
19.092068
19.002181
18.913184
18.825061
18.737799
18.651384
18.565800
18.481036
18.397077
18.313910
18.231524
18.149905
18.069042
17.988922
17.909534
17.830866
17.752908
17.675648
17.599076
17.523182
17.447954
17.373384
17.299460
17.226175
17.153517
17.081479
17.010050
16.939223
16.868988
16.799337
16.730261
16.661753
16.593805
16.526407
16.459554
16.393237
16.327449
16.262183
16.197431
16.133186
16.069443
16.006194
15.943431
15.881150
15.819344
15.758006
15.697131
15.636712
15.576743
15.517219
15.458134
15.399483
15.341259
15.283459
15.226076
15.169105
15.112541
15.056380
15.000616
14.945244
14.890261
14.835660
14.781438
14.727591
14.674113
14.621000
14.568249
14.515855
14.463814
14.412122
14.360774
14.309768
14.259099
14.208763
14.158757
14.109078
14.059721
14.010682
13.961960
13.913549
13.865448
13.817652
13.770158
13.722963
13.676064
13.629459
13.583143
13.537113
13.491368
13.445904
13.400718
13.355807
13.311169
13.266801
13.222700
13.178863
13.135289
13.091974
13.048916
13.006113
12.963561
12.921259
12.879205
12.837395
12.795828
12.754501
12.713413
12.672560
12.631942
12.591555
12.551398
12.511468
12.471764
12.432283
12.393024
12.353984
12.315162
12.276556
12.238163
12.199983
12.162013
12.124252
12.086697
12.049347
12.012201
11.975256
11.938511
11.901964
11.865614
11.829459
11.793498
11.757728
11.722149
11.686759
11.651556
11.616539
11.581707
11.547058
11.512590
11.478303
11.444194
11.410263
11.376509
11.342929
11.309522
11.276288
11.243225
11.210332
11.177607
11.145049
11.112658
11.080431
11.048368
11.016467
10.984728
10.953149
10.921729
10.890467
10.859362
10.828413
10.797618
10.766977
10.736489
10.706152
10.675966
10.645929
10.616040
10.586299
10.556705
10.527256
10.497952
10.468791
10.439773
10.410897
10.382161
10.353565
10.325109
10.296790
10.268608
10.240563
10.212653
10.184877
10.157235
10.129726
10.102349
10.075102
10.047986
10.020999
9.994141
9.967411
9.940807
9.914329
9.887976
9.861748
9.835643
9.809662
9.783802
9.758063
9.732444
9.706945
9.681565
9.656302
9.631157
9.606128
9.581215
9.556416
9.531731
9.507159
9.482700
9.458352
9.434114
9.409986
9.385968
9.362057
9.338254
9.314558
9.290966
9.267480
9.244098
9.220819
9.197641
9.174566
9.151590
9.128714
9.105936
9.083256
9.060673
9.038185
9.015792
8.993493
8.971286
8.949171
8.927146
8.905211
8.883363
8.861603
8.839930
8.818340
8.796835
8.775411
8.754069
8.732806
8.711622
8.690514
8.669482
8.648524
8.627638
8.606823
8.586077
8.565398
8.544785
8.524235
8.503747
8.483320
8.462949
8.442635
8.422373
8.402163
8.382001
8.361885
8.341812
8.321780
8.301785
8.281825
8.261896
8.241995
8.222118
8.202261
8.182421
8.162593
8.142774
8.122958
8.103140
8.083315
8.063478
8.043623
8.023744
8.003834
7.983885
7.963892
7.943845
7.923736
7.903556
7.883295
7.862943
7.842488
7.821918
7.801221
7.780382
7.759386
7.738217
7.716856
7.695284
7.673481
7.651423
7.629084
7.606438
7.583454
7.560099
7.536336
7.512124
7.487419
7.462170
7.436320
7.409808
7.382562
7.354504
7.325543
7.295576
7.264486
7.232139
7.198379
7.163025
7.125867
7.086655
7.045095
7.000835
6.953449
6.902418
6.847105
6.786713
6.720233
6.646370
6.563430
6.469151
6.360447
6.232999
6.080608
5.894183
5.660499
5.363391
5.016743
5.225607
23.748703
72.257336
52.024081
59.942093
58.478250
58.425954
58.396037
58.365467
58.337218
58.310352
58.284548
58.259586
58.235317
58.211638
58.188477
58.165780
58.143504
58.121619
58.100101
58.078928
58.058084
58.037556
58.017333
57.997403
57.977759
57.958393
57.939297
57.920466
57.901894
57.883576
57.865506
57.847679
57.830093
57.812742
57.795622
57.778730
57.762062
57.745615
57.729385
57.713369
57.697564
57.681966
57.666573
57.651383
57.636391
57.621597
57.606997
57.592589
57.578371
57.564342
57.550498
57.536839
57.523364
57.510071
57.496959
57.484030
57.471282
57.458718
57.446338
57.434147
57.422149
57.410351
57.398762
57.387395
57.376269
57.365412
57.354861
57.344672
57.334927
57.325748
57.317307
57.309820
57.303411
57.297613
57.290636
57.280395
57.267604
57.254524
57.241916
57.229907
57.218465
57.207485
57.196876
57.186569
57.176516
57.166681
57.157037
57.147565
57.138249
57.129077
57.120039
57.111127
57.102336
57.093660
57.085093
57.076632
57.068274
57.060014
57.051851
57.043782
57.035804
57.027915
57.020113
57.012397
57.004764
56.997214
56.989743
56.982352
56.975038
56.967800
56.960636
56.953546
56.946529
56.939582
56.932706
56.925898
56.919158
56.912485
56.905877
56.899334
56.892855
56.886439
56.880085
56.873791
56.867558
56.861384
56.855268
56.849211
56.843209
56.837264
56.831374
56.825539
56.819757
56.814029
56.808352
56.802728
56.797154
56.791630
56.786156
56.780731
56.775355
56.770026
56.764744
56.759508
56.754318
56.749174
56.744074
56.739019
56.734007
56.729038
56.724111
56.719227
56.714384
56.709581
56.704820
56.700098
56.695415
56.690772
56.686167
56.681600
56.677071
56.672579
56.668123
56.663704
56.659321
56.654973
56.650659
56.646381
56.642137
56.637926
56.633749
56.629605
56.625493
56.621414
56.617366
56.613350
56.609365
56.605411
56.601488
56.597594
56.593731
56.589896
56.586091
56.582315
56.578567
56.574847
56.571155
56.567491
56.563854
56.560244
56.556660
56.553103
56.549572
56.546067
56.542587
56.539133
56.535703
56.532298
56.528918
56.525562
56.522230
56.518922
56.515637
56.512375
56.509136
56.505920
56.502727
56.499555
56.496406
56.493279
56.490173
56.487089
56.484025
56.480983
56.477962
56.474961
56.471980
56.469019
56.466079
56.463158
56.460257
56.457375
56.454512
56.451668
56.448843
56.446036
56.443248
56.440478
56.437726
56.434993
56.432276
56.429578
56.426897
56.424233
56.421586
56.418956
56.416342
56.413746
56.411165
56.408601
56.406054
56.403522
56.401006
56.398505
56.396020
56.393551
56.391097
56.388658
56.386234
56.383824
56.381430
56.379050
56.376684
56.374333
56.371996
56.369673
56.367364
56.365069
56.362787
56.360519
56.358265
56.356024
56.353796
56.351581
56.349379
56.347190
56.345014
56.342851
56.340700
56.338561
56.336435
56.334321
56.332219
56.330129
56.328052
56.325985
56.323931
56.321888
56.319857
56.317837
56.315829
56.313832
