2.692582 20 230.000000 240.000000 200.000000 
2.549510 18 207.000000 216.000000 190.000000 
2.692582 20 230.000000 240.000000 220.000000 
2.549510 18 207.000000 216.000000 208.000000 
2.692582 20 230.000000 240.000000 240.000000 
2.549510 18 207.000000 216.000000 226.000000 
2.692582 20 230.000000 240.000000 260.000000 
2.549510 18 207.000000 216.000000 244.000000 
2.692582 20 230.000000 240.000000 280.000000 
2.549510 18 207.000000 216.000000 262.000000 
2.692582 20 230.000000 240.000000 300.000000 
2.549510 18 207.000000 216.000000 280.000000 
2.692582 20 230.000000 240.000000 320.000000 
2.549510 18 207.000000 216.000000 298.000000 
2.692582 20 230.000000 240.000000 340.000000 
2.549510 18 207.000000 216.000000 316.000000 
2.692582 20 230.000000 240.000000 360.000000 
2.549510 18 207.000000 216.000000 334.000000 
2.692582 20 230.000000 240.000000 380.000000 
2.549510 18 207.000000 216.000000 352.000000 
2.692582 20 230.000000 240.000000 400.000000 
2.549510 18 207.000000 216.000000 370.000000 
2.692582 20 230.000000 240.000000 420.000000 
2.549510 18 207.000000 216.000000 388.000000 
2.692582 20 230.000000 240.000000 440.000000 
2.549510 18 207.000000 216.000000 406.000000 
2.692582 20 230.000000 240.000000 460.000000 
2.549510 18 207.000000 216.000000 424.000000 
2.692582 20 230.000000 240.000000 480.000000 
2.549510 18 207.000000 216.000000 442.000000 
2.692582 20 230.000000 240.000000 500.000000 
2.549510 18 207.000000 216.000000 460.000000 
2.692582 20 230.000000 240.000000 520.000000 
2.549510 18 207.000000 216.000000 478.000000 
2.692582 20 230.000000 240.000000 540.000000 
2.549510 18 207.000000 216.000000 496.000000 
2.692582 20 230.000000 240.000000 560.000000 
2.549510 18 207.000000 216.000000 514.000000 
2.692582 20 230.000000 240.000000 580.000000 
2.549510 18 207.000000 216.000000 532.000000 
2.692582 20 230.000000 240.000000 600.000000 
2.549510 18 207.000000 216.000000 550.000000 
2.692582 20 230.000000 240.000000 620.000000 
2.549510 18 207.000000 216.000000 568.000000 
2.692582 20 230.000000 240.000000 640.000000 
2.549510 18 207.000000 216.000000 586.000000 
2.692582 20 230.000000 240.000000 660.000000 
2.549510 18 207.000000 216.000000 604.000000 
2.692582 20 230.000000 240.000000 680.000000 
2.549510 18 207.000000 216.000000 622.000000 
2.692582 20 230.000000 240.000000 700.000000 
2.549510 18 207.000000 216.000000 640.000000 
2.692582 20 230.000000 240.000000 720.000000 
2.549510 18 207.000000 216.000000 658.000000 
2.692582 20 230.000000 240.000000 740.000000 
2.549510 18 207.000000 216.000000 676.000000 
2.692582 20 230.000000 240.000000 760.000000 
2.549510 18 207.000000 216.000000 694.000000 
2.692582 20 230.000000 240.000000 780.000000 
2.549510 18 207.000000 216.000000 712.000000 
2.692582 20 230.000000 240.000000 800.000000 
2.549510 18 207.000000 216.000000 730.000000 
2.692582 20 230.000000 240.000000 820.000000 
2.549510 18 207.000000 216.000000 748.000000 
2.692582 20 230.000000 240.000000 840.000000 
2.549510 18 207.000000 216.000000 766.000000 
2.692582 20 230.000000 240.000000 860.000000 
2.549510 18 207.000000 216.000000 784.000000 
2.692582 20 230.000000 240.000000 880.000000 
2.549510 18 207.000000 216.000000 802.000000 
2.692582 20 230.000000 240.000000 900.000000 
2.549510 18 207.000000 216.000000 820.000000 
2.692582 20 230.000000 240.000000 920.000000 
2.549510 18 207.000000 216.000000 838.000000 
2.692582 20 230.000000 240.000000 940.000000 
2.549510 18 207.000000 216.000000 856.000000 
2.692582 20 230.000000 240.000000 960.000000 
2.549510 18 207.000000 216.000000 874.000000 
2.692582 20 230.000000 240.000000 980.000000 
2.549510 18 207.000000 216.000000 892.000000 
2.692582 20 230.000000 240.000000 1000.000000 
2.549510 18 207.000000 216.000000 910.000000 
2.692582 20 230.000000 240.000000 1020.000000 
2.549510 18 207.000000 216.000000 928.000000 
2.692582 20 230.000000 240.000000 1040.000000 
2.549510 18 207.000000 216.000000 946.000000 
2.692582 20 230.000000 240.000000 1060.000000 
2.549510 18 207.000000 216.000000 964.000000 
2.692582 20 230.000000 240.000000 1080.000000 
2.549510 18 207.000000 216.000000 982.000000 
2.692582 20 230.000000 240.000000 1100.000000 
2.549510 18 207.000000 216.000000 1000.000000 
2.692582 20 230.000000 240.000000 1120.000000 
2.549510 18 207.000000 216.000000 1018.000000 
2.692582 20 230.000000 240.000000 1140.000000 
2.549510 18 207.000000 216.000000 1036.000000 
2.692582 20 230.000000 240.000000 1160.000000 
2.549510 18 207.000000 216.000000 1054.000000 
2.692582 20 230.000000 240.000000 1180.000000 
2.549510 18 207.000000 216.000000 1072.000000 
2.692582 20 230.000000 240.000000 1200.000000 
2.549510 18 207.000000 216.000000 1090.000000 
2.692582 20 230.000000 240.000000 1220.000000 
2.549510 18 207.000000 216.000000 1108.000000 
2.692582 20 230.000000 240.000000 1240.000000 
2.549510 18 207.000000 216.000000 1126.000000 
2.692582 20 230.000000 240.000000 1260.000000 
2.549510 18 207.000000 216.000000 1144.000000 
2.692582 20 230.000000 240.000000 1280.000000 
2.549510 18 207.000000 216.000000 1162.000000 
2.692582 20 230.000000 240.000000 1300.000000 
2.549510 18 207.000000 216.000000 1180.000000 
2.692582 20 230.000000 240.000000 1320.000000 
2.549510 18 207.000000 216.000000 1198.000000 
2.692582 20 230.000000 240.000000 1340.000000 
2.549510 18 207.000000 216.000000 1216.000000 
2.692582 20 230.000000 240.000000 1360.000000 
2.549510 18 207.000000 216.000000 1234.000000 
2.692582 20 230.000000 240.000000 1380.000000 
2.549510 18 207.000000 216.000000 1252.000000 
2.692582 20 230.000000 240.000000 1400.000000 
2.549510 18 207.000000 216.000000 1270.000000 
2.692582 20 230.000000 240.000000 1420.000000 
2.549510 18 207.000000 216.000000 1288.000000 
2.692582 20 230.000000 240.000000 1440.000000 
2.549510 18 207.000000 216.000000 1306.000000 
2.692582 20 230.000000 240.000000 1460.000000 
2.549510 18 207.000000 216.000000 1324.000000 
2.692582 20 230.000000 240.000000 1480.000000 
2.549510 18 207.000000 216.000000 1342.000000 
2.692582 20 230.000000 240.000000 1500.000000 
2.549510 18 207.000000 216.000000 1360.000000 
2.692582 20 230.000000 240.000000 1520.000000 
2.549510 18 207.000000 216.000000 1378.000000 
2.692582 20 230.000000 240.000000 1540.000000 
2.549510 18 207.000000 216.000000 1396.000000 
2.692582 20 230.000000 240.000000 1560.000000 
2.549510 18 207.000000 216.000000 1414.000000 
2.692582 20 230.000000 240.000000 1580.000000 
2.549510 18 207.000000 216.000000 1432.000000 
2.692582 20 230.000000 240.000000 1600.000000 
2.549510 18 207.000000 216.000000 1450.000000 
2.692582 20 230.000000 240.000000 1620.000000 
2.549510 18 207.000000 216.000000 1468.000000 
2.692582 20 230.000000 240.000000 1640.000000 
2.549510 18 207.000000 216.000000 1486.000000 
2.692582 20 230.000000 240.000000 1660.000000 
2.549510 18 207.000000 216.000000 1504.000000 
2.692582 20 230.000000 240.000000 1680.000000 
2.549510 18 207.000000 216.000000 1522.000000 
2.692582 20 230.000000 240.000000 1700.000000 
2.549510 18 207.000000 216.000000 1540.000000 
2.692582 20 230.000000 240.000000 1720.000000 
2.549510 18 207.000000 216.000000 1558.000000 
2.692582 20 230.000000 240.000000 1740.000000 
2.549510 18 207.000000 216.000000 1576.000000 
2.692582 20 230.000000 240.000000 1760.000000 
2.549510 18 207.000000 216.000000 1594.000000 
2.692582 20 230.000000 240.000000 1780.000000 
2.549510 18 207.000000 216.000000 1612.000000 
2.692582 20 230.000000 240.000000 1800.000000 
2.549510 18 207.000000 216.000000 1630.000000 
2.692582 20 230.000000 240.000000 1820.000000 
2.549510 18 207.000000 216.000000 1648.000000 
2.692582 20 230.000000 240.000000 1840.000000 
2.549510 18 207.000000 216.000000 1666.000000 
2.692582 20 230.000000 240.000000 1860.000000 
2.549510 18 207.000000 216.000000 1684.000000 
2.692582 20 230.000000 240.000000 1880.000000 
2.549510 18 207.000000 216.000000 1702.000000 
2.692582 20 230.000000 240.000000 1900.000000 
2.549510 18 207.000000 216.000000 1720.000000 
2.692582 20 230.000000 240.000000 1920.000000 
2.549510 18 207.000000 216.000000 1738.000000 
2.692582 20 230.000000 240.000000 1940.000000 
2.549510 18 207.000000 216.000000 1756.000000 
2.692582 20 230.000000 240.000000 1960.000000 
2.549510 18 207.000000 216.000000 1774.000000 
2.549510 14 161.000000 168.000000 1380.000000 
0.000000 0 0.000000 0.000000 0.000000 
0.000000 0 0.000000 0.000000 0.000000 
0.000000 0 0.000000 0.000000 0.000000 
0.000000 0 0.000000 0.000000 0.000000 
0.000000 0 0.000000 0.000000 0.000000 
0.000000 0 0.000000 0.000000 0.000000 
0.000000 0 0.000000 0.000000 0.000000 
0.000000 0 0.000000 0.000000 0.000000 
0.000000 0 0.000000 0.000000 0.000000 
0.000000 0 0.000000 0.000000 0.000000 
0.000000 0 0.000000 0.000000 0.000000 
0.000000 0 0.000000 0.000000 0.000000 
0.000000 0 0.000000 0.000000 0.000000 
0.000000 0 0.000000 0.000000 0.000000 
0.000000 0 0.000000 0.000000 0.000000 
0.000000 0 0.000000 0.000000 0.000000 
0.000000 0 0.000000 0.000000 0.000000 
0.000000 0 0.000000 0.000000 0.000000 
0.000000 0 0.000000 0.000000 0.000000 
0.000000 0 0.000000 0.000000 0.000000 
0.000000 0 0.000000 0.000000 0.000000 
